,c,h,l,o,s,t,v
0,54.11,55.31,53.5,55.15,ok,1420156800,205700
1,51.76,54.08,51.68,53.64,ok,1420416000,321600
2,51.68,52.45,50.35,51.7,ok,1420502400,433000
3,52.21,52.52,51.12,52.23,ok,1420588800,297000
4,53.59,53.68,52.15,52.8,ok,1420675200,155100
5,53.59,53.82,52.55,53.49,ok,1420761600,215400
6,52.46,53.44,52.1,53.44,ok,1421020800,177700
7,53.52,53.97,52.04,52.99,ok,1421107200,285200
8,51.79,53.27,51.62,52.72,ok,1421193600,193100
9,50.45,52.35,50.13,51.97,ok,1421280000,304800
10,50.51,51.02,49.84,50.26,ok,1421366400,227500
11,49.79,50.7,49.31,50.6,ok,1421712000,309400
12,49.6,49.78,48.6,49.49,ok,1421798400,295900
13,51.62,51.79,49.34,50.05,ok,1421884800,187900
14,50.92,52.16,50.87,51.62,ok,1421971200,180600
15,50.19,50.85,49.51,50.8,ok,1422230400,276800
16,50.18,50.51,49.3,49.52,ok,1422316800,292600
17,49.55,50.88,49.4,50.38,ok,1422403200,275600
18,47.26,49.51,46.61,49.51,ok,1422489600,610300
19,45.39,47.25,45.08,46.97,ok,1422576000,539700
20,46.59,46.66,44.96,45.4,ok,1422835200,450500
21,47.2,47.79,46.7,46.93,ok,1422921600,355900
22,48.11,48.51,46.75,46.86,ok,1423008000,364600
23,47.7,48.79,47.57,48.4,ok,1423094400,243400
24,47.16,47.88,46.92,47.82,ok,1423180800,269200
25,46.81,47.55,46.79,47.12,ok,1423440000,401500
26,47.21,47.71,46.35,47.26,ok,1423526400,523100
27,54.0,54.96,52.03,54.4,ok,1423612800,1578800
28,54.87,54.95,53.74,54.05,ok,1423699200,346400
29,53.96,55.03,53.41,54.92,ok,1423785600,325200
30,53.12,53.85,52.92,53.85,ok,1424131200,256600
31,52.53,53.21,52.29,52.87,ok,1424217600,291200
32,52.81,52.93,51.65,52.26,ok,1424304000,245900
33,54.33,54.78,52.12,52.86,ok,1424390400,419000
34,55.37,56.14,53.11,54.04,ok,1424649600,705300
35,56.67,56.68,54.96,55.3,ok,1424736000,380700
36,56.85,57.47,55.76,56.75,ok,1424822400,297200
37,56.8,56.96,55.9,56.62,ok,1424908800,377100
38,56.5,57.08,56.4,56.53,ok,1424995200,321800
39,57.87,58.04,56.47,56.58,ok,1425254400,278200
40,56.68,57.93,56.36,57.47,ok,1425340800,396600
41,55.8,56.78,55.66,56.61,ok,1425427200,297500
42,55.78,56.11,54.97,55.83,ok,1425513600,204400
43,54.45,55.9,54.04,55.27,ok,1425600000,185500
44,54.8,55.4,54.04,54.57,ok,1425859200,188000
45,52.83,54.51,52.77,54.06,ok,1425945600,224100
46,52.61,53.87,52.21,52.83,ok,1426032000,331200
47,54.54,54.57,52.87,52.87,ok,1426118400,235300
48,53.18,54.32,51.79,54.31,ok,1426204800,186200
49,54.04,54.22,53.22,53.39,ok,1426464000,123800
50,54.28,55.13,53.53,53.76,ok,1426550400,288600
51,54.34,54.8,53.6,53.88,ok,1426636800,249200
52,54.42,54.69,53.83,54.25,ok,1426723200,284300
53,55.0,55.38,54.24,54.74,ok,1426809600,461500
54,56.88,57.3,54.75,54.75,ok,1427068800,347000
55,57.38,57.43,56.2,56.71,ok,1427155200,343700
56,56.56,57.71,56.09,57.71,ok,1427241600,369800
57,57.0,58.06,56.51,58.06,ok,1427328000,382200
58,57.03,57.33,56.05,57.0,ok,1427414400,278500
59,58.13,58.34,57.04,57.55,ok,1427673600,197000
60,58.75,58.76,57.01,58.1,ok,1427760000,439300
61,58.31,59.05,57.49,58.7,ok,1427846400,303100
62,56.92,59.11,56.15,58.42,ok,1427932800,461400
63,57.06,57.39,56.56,56.77,ok,1428278400,289300
64,57.16,57.57,56.81,56.89,ok,1428364800,250800
65,57.66,57.7,56.34,57.29,ok,1428451200,251400
66,57.48,58.0,56.31,57.66,ok,1428537600,207400
67,57.09,57.9,56.35,57.84,ok,1428624000,263700
68,57.34,57.93,57.17,57.3,ok,1428883200,206200
69,57.09,57.67,56.51,57.3,ok,1428969600,298800
70,57.85,58.59,57.41,57.47,ok,1429056000,264100
71,57.38,57.94,56.63,57.92,ok,1429142400,163300
72,56.53,57.28,56.05,56.9,ok,1429228800,223500
73,56.73,57.38,56.36,57.0,ok,1429488000,254500
74,58.2,58.21,56.79,56.89,ok,1429574400,377600
75,59.01,59.35,57.54,58.47,ok,1429660800,290300
76,59.92,60.05,58.8,59.01,ok,1429747200,378800
77,59.47,60.01,59.19,60.0,ok,1429833600,405900
78,58.44,59.61,57.66,59.5,ok,1430092800,357100
79,58.51,58.76,57.64,58.17,ok,1430179200,265100
80,61.01,62.0,59.39,60.0,ok,1430265600,1033600
81,58.48,60.2,58.2,59.44,ok,1430352000,523800
82,58.36,59.75,57.74,58.55,ok,1430438400,294700
83,58.41,59.05,57.93,58.56,ok,1430697600,276500
84,58.14,58.7,56.98,58.13,ok,1430784000,306100
85,59.22,59.37,58.16,58.5,ok,1430870400,438400
86,60.3,60.99,58.57,59.0,ok,1430956800,343600
87,60.04,61.04,59.67,61.04,ok,1431043200,315500
88,61.21,61.93,59.84,59.84,ok,1431302400,413100
89,59.49,60.95,58.74,60.71,ok,1431388800,342900
90,59.65,60.3,58.56,59.49,ok,1431475200,308500
91,60.78,61.33,59.44,60.13,ok,1431561600,335600
92,61.04,62.0,60.68,60.81,ok,1431648000,302800
93,61.37,61.63,60.76,61.0,ok,1431907200,168900
94,61.36,61.6,60.96,61.5,ok,1431993600,360400
95,62.04,62.16,60.8,61.27,ok,1432080000,261800
96,61.21,62.4,60.88,61.9,ok,1432166400,322600
97,60.17,61.27,60.12,61.07,ok,1432252800,219500
98,59.83,60.0,59.27,60.0,ok,1432598400,251500
99,61.02,61.16,59.22,59.68,ok,1432684800,238400
100,61.42,61.48,60.69,61.14,ok,1432771200,124500
101,59.8,61.23,59.64,61.19,ok,1432857600,190900
102,59.85,60.24,59.09,60.13,ok,1433116800,166300
103,59.88,59.99,59.21,59.43,ok,1433203200,212700
104,60.33,60.59,59.9,60.11,ok,1433289600,371700
105,58.83,60.12,58.61,60.0,ok,1433376000,140200
106,59.47,59.5,58.1,58.78,ok,1433462400,168100
107,58.4,59.94,58.35,59.33,ok,1433721600,137200
108,58.16,58.5,57.57,58.25,ok,1433808000,96300
109,58.82,59.25,58.17,58.46,ok,1433894400,211600
110,59.79,59.79,58.84,58.86,ok,1433980800,183400
111,60.36,60.61,59.19,59.62,ok,1434067200,199100
112,59.35,60.0,58.88,59.9,ok,1434326400,120600
113,59.69,60.52,59.17,59.17,ok,1434412800,113300
114,59.31,60.12,59.23,59.94,ok,1434499200,94300
115,61.32,61.33,59.33,59.33,ok,1434585600,209300
116,60.64,61.46,60.28,61.46,ok,1434672000,301300
117,60.94,61.63,60.67,60.8,ok,1434931200,129900
118,62.17,62.75,61.04,61.26,ok,1435017600,332100
119,60.91,62.17,60.5,62.17,ok,1435104000,204500
120,62.07,62.17,60.76,61.21,ok,1435190400,171500
121,62.43,62.54,61.71,62.26,ok,1435276800,318600
122,60.41,62.04,60.21,61.57,ok,1435536000,284500
123,61.7,62.32,60.35,60.72,ok,1435622400,366400
124,62.76,62.85,61.47,62.07,ok,1435708800,324200
125,62.37,62.95,62.01,62.84,ok,1435795200,400300
126,62.38,62.45,61.33,61.95,ok,1436140800,388600
127,62.22,63.0,61.69,62.57,ok,1436227200,533400
128,61.44,62.06,60.6,61.6,ok,1436313600,249400
129,61.46,62.64,61.28,62.14,ok,1436400000,153400
130,62.81,63.14,61.82,62.23,ok,1436486400,192600
131,63.18,63.37,62.71,63.18,ok,1436745600,127300
132,64.14,64.29,63.39,63.39,ok,1436832000,300800
133,64.31,64.71,63.64,63.99,ok,1436918400,171400
134,65.57,65.94,64.41,64.65,ok,1437004800,233400
135,65.79,66.29,65.42,65.48,ok,1437091200,165900
136,65.64,66.31,65.41,66.0,ok,1437350400,239500
137,66.27,66.87,65.38,65.91,ok,1437436800,405000
138,67.1,67.32,65.79,65.79,ok,1437523200,300600
139,65.66,68.04,65.53,67.05,ok,1437609600,343700
140,65.08,66.25,64.71,65.49,ok,1437696000,352700
141,63.99,65.0,63.85,64.63,ok,1437955200,153200
142,64.87,65.18,63.41,64.41,ok,1438041600,286700
143,68.27,71.5,67.12,68.54,ok,1438128000,1177900
144,67.92,68.55,65.85,67.27,ok,1438214400,443700
145,68.5,69.44,67.86,68.27,ok,1438300800,454900
146,68.98,69.32,68.19,68.75,ok,1438560000,286300
147,69.53,69.94,68.97,69.04,ok,1438646400,275000
148,68.69,70.32,68.63,70.0,ok,1438732800,295800
149,67.87,68.91,67.53,68.69,ok,1438819200,217400
150,68.77,68.96,67.36,67.49,ok,1438905600,257100
151,69.45,69.83,68.91,69.25,ok,1439164800,207000
152,68.78,69.21,68.05,68.88,ok,1439251200,159900
153,68.47,68.67,67.6,68.37,ok,1439337600,143700
154,68.17,68.68,68.08,68.47,ok,1439424000,147200
155,68.74,68.76,67.57,68.07,ok,1439510400,190000
156,68.9,69.1,68.01,68.46,ok,1439769600,204700
157,68.66,69.17,68.37,69.0,ok,1439856000,218900
158,68.45,68.89,67.58,68.32,ok,1439942400,290900
159,66.89,68.25,66.81,67.97,ok,1440028800,309900
160,64.81,66.19,64.51,65.63,ok,1440115200,322100
161,62.04,63.7,59.07,61.26,ok,1440374400,396600
162,62.54,65.47,62.12,64.38,ok,1440460800,301200
163,64.22,64.55,62.37,64.02,ok,1440547200,362800
164,65.44,65.51,63.62,65.12,ok,1440633600,293500
165,65.62,65.98,64.55,65.53,ok,1440720000,186700
166,64.47,65.97,64.38,65.35,ok,1440979200,207700
167,62.42,63.84,61.92,63.11,ok,1441065600,178600
168,64.42,64.42,62.49,63.36,ok,1441152000,227300
169,65.48,65.93,64.31,64.5,ok,1441238400,215700
170,65.27,65.84,64.56,64.56,ok,1441324800,198500
171,68.48,68.63,66.36,66.62,ok,1441670400,241000
172,68.79,69.51,68.18,69.18,ok,1441756800,453100
173,68.64,69.44,68.31,68.51,ok,1441843200,184400
174,69.92,70.0,68.31,68.34,ok,1441929600,241200
175,69.51,70.08,69.09,70.08,ok,1442188800,178500
176,70.72,72.04,69.32,70.13,ok,1442275200,329300
177,71.01,71.76,70.03,70.88,ok,1442361600,327400
178,70.39,71.28,70.2,71.14,ok,1442448000,257000
179,68.76,70.33,68.48,69.11,ok,1442534400,261200
180,69.83,70.61,69.35,69.39,ok,1442793600,243800
181,69.49,69.57,68.4,68.84,ok,1442880000,139100
182,70.65,70.94,69.28,69.6,ok,1442966400,177900
183,71.08,71.39,69.55,69.97,ok,1443052800,244200
184,70.32,72.74,69.68,71.93,ok,1443139200,295100
185,70.17,70.69,68.74,70.09,ok,1443398400,472900
186,71.53,71.73,69.55,70.06,ok,1443484800,521300
187,74.09,76.55,72.28,72.35,ok,1443571200,672100
188,74.8,75.51,73.17,74.48,ok,1443657600,418100
189,74.89,74.89,73.15,74.17,ok,1443744000,261100
190,74.99,75.64,74.2,75.4,ok,1444003200,506400
191,74.9,75.05,74.57,75.0,ok,1444089600,363500
192,75.0,75.11,74.13,75.1,ok,1444176000,356700
193,76.66,76.67,74.49,74.71,ok,1444262400,346300
194,77.28,77.5,76.45,77.01,ok,1444348800,395600
195,77.86,77.88,76.54,77.38,ok,1444608000,242300
196,76.16,78.6,76.11,77.62,ok,1444694400,261100
197,74.41,76.46,74.19,76.05,ok,1444780800,391600
198,75.58,75.59,73.89,74.66,ok,1444867200,381600
199,75.94,76.51,75.19,75.88,ok,1444953600,374500
200,75.4,76.07,75.0,75.5,ok,1445212800,358900
201,75.63,76.15,74.66,75.54,ok,1445299200,315200
202,74.14,76.01,73.44,75.97,ok,1445385600,263200
203,80.0,81.27,75.56,77.25,ok,1445472000,1931200
204,79.3,81.27,78.85,81.27,ok,1445558400,416200
205,79.47,80.05,79.2,79.52,ok,1445817600,325700
206,79.01,79.76,77.89,79.44,ok,1445904000,348300
207,81.87,81.87,79.01,79.32,ok,1445990400,563200
208,80.81,81.7,80.54,81.64,ok,1446076800,203900
209,80.24,81.68,80.06,80.99,ok,1446163200,260400
210,80.89,81.32,79.81,80.0,ok,1446422400,256600
211,80.68,81.16,79.66,80.89,ok,1446508800,243000
212,80.01,81.04,79.68,81.02,ok,1446595200,176800
213,80.68,81.24,80.3,80.31,ok,1446681600,267600
214,82.07,82.14,79.84,80.27,ok,1446768000,335500
215,80.98,82.49,80.65,82.0,ok,1447027200,298600
216,79.72,81.63,79.51,80.81,ok,1447113600,277500
217,80.33,80.61,79.69,80.32,ok,1447200000,238700
218,78.41,80.05,78.24,80.0,ok,1447286400,229700
219,77.07,78.3,76.7,77.92,ok,1447372800,235000
220,76.8,77.17,76.38,76.79,ok,1447632000,301200
221,77.62,77.97,77.01,77.3,ok,1447718400,298800
222,77.44,77.96,76.32,77.26,ok,1447804800,210800
223,77.72,78.1,77.16,77.6,ok,1447891200,142200
224,78.28,79.06,77.86,78.23,ok,1447977600,214000
225,78.24,79.09,77.78,78.48,ok,1448236800,193800
226,76.81,77.79,76.04,77.74,ok,1448323200,379800
227,78.76,79.64,77.91,77.96,ok,1448409600,402000
228,78.46,79.11,77.89,78.5,ok,1448582400,82000
229,77.72,78.97,77.57,78.41,ok,1448841600,196200
230,77.7,78.23,77.11,77.77,ok,1448928000,209400
231,76.14,77.92,76.1,77.92,ok,1449014400,228600
232,73.52,77.63,72.96,76.51,ok,1449100800,345700
233,73.95,74.34,72.28,73.84,ok,1449187200,410800
234,74.48,75.72,73.76,74.29,ok,1449446400,427200
235,74.92,75.66,73.54,73.54,ok,1449532800,297300
236,73.61,75.14,73.25,74.99,ok,1449619200,290900
237,74.72,75.17,73.17,73.41,ok,1449705600,253700
238,73.37,74.7,72.32,73.0,ok,1449792000,338600
239,73.48,74.41,72.03,73.08,ok,1450051200,465300
240,73.36,74.6,72.8,73.82,ok,1450137600,327500
241,74.17,74.45,72.8,73.52,ok,1450224000,294400
242,73.14,75.22,73.08,74.39,ok,1450310400,372100
243,71.23,72.97,71.18,72.73,ok,1450396800,667200
244,71.9,72.86,71.44,72.01,ok,1450656000,217500
245,72.25,72.36,70.82,71.93,ok,1450742400,121300
246,73.57,74.13,72.67,74.04,ok,1450828800,182500
247,73.18,73.58,72.77,73.34,ok,1450915200,80100
248,73.94,73.97,71.0,72.69,ok,1451260800,145000
249,74.77,75.48,74.0,74.65,ok,1451347200,144900
250,73.68,75.59,73.66,74.41,ok,1451433600,183400
251,72.43,74.29,72.38,73.32,ok,1451520000,237500
252,69.98,71.08,68.53,71.08,ok,1451865600,405900
253,71.4,72.39,70.07,70.46,ok,1451952000,329300
254,70.85,71.39,70.15,70.15,ok,1452038400,368900
255,71.66,71.95,69.06,69.53,ok,1452124800,515100
256,73.09,73.57,71.95,72.0,ok,1452211200,671200
257,73.53,74.16,72.64,73.1,ok,1452470400,484400
258,74.75,74.84,73.61,73.79,ok,1452556800,473500
259,72.61,75.24,72.19,74.85,ok,1452643200,370700
260,74.98,75.85,72.31,73.19,ok,1452729600,533800
261,73.02,73.59,71.35,72.87,ok,1452816000,529900
262,71.5,74.68,70.97,74.17,ok,1453161600,488700
263,73.39,73.51,69.51,71.42,ok,1453248000,624500
264,72.26,74.08,72.09,73.31,ok,1453334400,444600
265,73.5,74.16,72.56,73.76,ok,1453420800,600400
266,71.7,74.13,71.15,73.6,ok,1453680000,245400
267,73.05,73.31,71.51,71.82,ok,1453766400,271800
268,73.96,76.74,73.07,73.07,ok,1453852800,706800
269,74.06,74.96,73.52,74.76,ok,1453939200,262300
270,79.77,79.78,74.07,74.19,ok,1454025600,734000
271,76.29,78.18,74.97,78.14,ok,1454284800,622400
272,75.49,75.92,73.8,75.64,ok,1454371200,314800
273,74.63,76.31,73.78,75.99,ok,1454457600,270600
274,73.43,75.15,72.06,74.5,ok,1454544000,374000
275,72.49,74.2,72.21,73.02,ok,1454630400,560200
276,68.77,71.78,66.88,71.31,ok,1454889600,756100
277,68.64,69.77,66.35,68.08,ok,1454976000,683400
278,57.93,63.4,52.0,59.25,ok,1455062400,5193000
279,62.65,63.07,54.32,56.98,ok,1455148800,1617400
280,65.0,65.25,62.68,63.53,ok,1455235200,918000
281,65.95,66.59,65.11,65.32,ok,1455580800,496900
282,65.22,66.44,65.06,66.22,ok,1455667200,467800
283,64.91,65.91,64.61,65.0,ok,1455753600,367600
284,65.48,66.57,64.8,64.8,ok,1455840000,304300
285,65.17,66.95,64.83,65.94,ok,1456099200,733300
286,66.01,66.38,64.95,65.13,ok,1456185600,442700
287,65.71,66.01,64.6,65.07,ok,1456272000,295600
288,66.27,66.5,64.89,65.92,ok,1456358400,272500
289,66.09,67.37,65.72,66.75,ok,1456444800,246200
290,65.54,66.52,65.0,65.82,ok,1456704000,678000
291,66.91,66.95,64.51,65.78,ok,1456790400,279600
292,67.41,67.44,65.34,66.98,ok,1456876800,655800
293,69.54,69.77,65.23,67.24,ok,1456963200,527100
294,69.88,70.58,68.14,69.5,ok,1457049600,473100
295,70.01,70.23,69.15,69.77,ok,1457308800,404100
296,69.86,70.55,69.47,69.55,ok,1457395200,441300
297,69.96,70.97,69.44,70.11,ok,1457481600,284200
298,68.94,70.97,68.53,70.18,ok,1457568000,380900
299,70.75,70.83,68.5,69.44,ok,1457654400,322500
300,70.25,70.65,69.33,70.13,ok,1457913600,272900
301,70.02,70.98,69.47,69.68,ok,1458000000,254600
302,71.34,71.62,69.16,69.51,ok,1458086400,229100
303,72.58,72.83,70.23,71.17,ok,1458172800,248500
304,73.32,74.7,72.14,72.94,ok,1458259200,857200
305,73.13,74.01,72.36,72.97,ok,1458518400,260900
306,73.68,74.1,72.71,73.19,ok,1458604800,246300
307,72.18,73.73,72.17,73.45,ok,1458691200,260900
308,71.88,71.94,71.13,71.9,ok,1458777600,215500
309,72.25,72.84,71.63,72.08,ok,1459123200,130300
310,74.19,74.49,71.18,71.98,ok,1459209600,250400
311,73.72,74.69,73.32,74.47,ok,1459296000,189900
312,74.11,74.35,73.49,74.04,ok,1459382400,177400
313,74.42,74.6,73.34,73.4,ok,1459468800,254500
314,73.84,74.99,73.46,74.43,ok,1459728000,159400
315,72.72,74.07,72.61,73.58,ok,1459814400,242300
316,74.05,74.12,72.59,72.68,ok,1459900800,378200
317,73.05,73.97,72.5,73.67,ok,1459987200,300900
318,73.86,74.5,73.01,73.45,ok,1460073600,147000
319,72.74,74.75,72.71,74.28,ok,1460332800,162100
320,73.95,74.17,72.28,72.88,ok,1460419200,209500
321,74.61,75.2,74.08,74.08,ok,1460505600,278000
322,74.23,74.43,73.53,74.43,ok,1460592000,191700
323,74.46,75.06,73.65,73.8,ok,1460678400,235800
324,74.6,74.99,73.77,74.39,ok,1460937600,189200
325,74.93,75.25,74.3,75.0,ok,1461024000,273800
326,75.03,75.34,74.32,74.73,ok,1461110400,162600
327,74.88,75.6,74.67,74.77,ok,1461196800,196000
328,74.91,75.52,74.34,74.61,ok,1461283200,362200
329,74.99,75.39,74.47,74.65,ok,1461542400,382000
330,74.99,75.42,73.84,74.92,ok,1461628800,595200
331,78.18,78.46,75.33,75.8,ok,1461715200,650300
332,77.78,79.74,76.67,78.16,ok,1461801600,323200
333,77.1,77.95,74.71,77.82,ok,1461888000,405500
334,77.8,77.85,76.56,77.0,ok,1462147200,261000
335,75.81,77.85,75.6,77.49,ok,1462233600,226400
336,76.16,76.35,74.81,75.09,ok,1462320000,319300
337,75.69,76.81,74.87,76.46,ok,1462406400,258000
338,76.24,76.25,74.69,75.51,ok,1462492800,183000
339,76.34,77.64,75.41,75.96,ok,1462752000,206400
340,76.86,77.19,75.52,76.91,ok,1462838400,165300
341,76.08,76.71,75.74,76.55,ok,1462924800,194400
342,75.26,76.18,74.37,76.1,ok,1463011200,249400
343,74.51,75.76,74.22,75.24,ok,1463097600,250600
344,74.96,75.29,74.11,74.53,ok,1463356800,342300
345,75.38,75.85,74.36,74.57,ok,1463443200,425900
346,76.03,76.48,74.5,75.17,ok,1463529600,295500
347,76.6,76.95,74.96,75.52,ok,1463616000,293700
348,77.85,77.91,76.49,76.91,ok,1463702400,361300
349,78.13,78.8,77.75,78.0,ok,1463961600,339900
350,80.33,80.47,78.55,78.82,ok,1464048000,326700
351,80.14,80.85,79.49,80.51,ok,1464134400,242500
352,79.33,80.55,79.01,80.15,ok,1464220800,242600
353,79.77,79.87,79.07,79.6,ok,1464307200,210500
354,79.81,80.48,79.23,80.21,ok,1464652800,299400
355,80.38,80.39,79.03,79.34,ok,1464739200,413100
356,81.91,82.12,80.22,80.3,ok,1464825600,622700
357,81.33,81.51,80.81,81.51,ok,1464912000,282700
358,81.19,81.71,80.63,81.4,ok,1465171200,259700
359,81.13,81.69,80.73,81.21,ok,1465257600,311000
360,81.18,81.58,80.57,80.89,ok,1465344000,342800
361,80.68,81.02,79.86,80.82,ok,1465430400,364900
362,78.56,79.01,77.3,78.93,ok,1465516800,491100
363,77.73,78.73,77.52,78.21,ok,1465776000,929900
364,76.96,77.38,76.04,77.34,ok,1465862400,308100
365,76.81,77.44,76.49,77.19,ok,1465948800,328800
366,77.08,77.15,75.7,76.35,ok,1466035200,326500
367,76.17,77.42,75.51,76.95,ok,1466121600,482600
368,77.03,77.36,76.44,76.92,ok,1466380800,469200
369,76.83,77.32,75.87,77.13,ok,1466467200,300500
370,76.11,77.22,76.08,77.18,ok,1466553600,311500
371,78.29,78.34,75.85,76.82,ok,1466640000,583500
372,71.76,74.97,70.77,74.65,ok,1466726400,5532000
373,65.58,71.0,65.33,71.0,ok,1466985600,1173700
374,68.31,68.35,66.39,66.39,ok,1467072000,909000
375,68.54,69.21,67.34,68.8,ok,1467158400,608200
376,69.19,69.26,68.09,68.49,ok,1467244800,597700
377,70.29,71.16,68.04,68.96,ok,1467331200,562900
378,69.69,70.09,69.0,69.74,ok,1467676800,413800
379,69.17,69.49,68.74,69.35,ok,1467763200,449200
380,70.23,70.23,69.39,69.6,ok,1467849600,435600
381,71.04,71.26,70.44,71.0,ok,1467936000,418700
382,71.34,71.77,71.0,71.3,ok,1468195200,421400
383,72.13,72.64,71.61,71.94,ok,1468281600,294500
384,72.06,72.76,71.76,72.25,ok,1468368000,322600
385,72.03,72.81,71.7,72.81,ok,1468454400,276200
386,72.07,72.83,71.37,72.18,ok,1468540800,401200
387,71.4,72.34,70.56,72.23,ok,1468800000,285600
388,71.88,72.39,71.05,71.05,ok,1468886400,269800
389,72.78,72.88,71.82,72.47,ok,1468972800,692300
390,71.2,72.75,70.99,72.72,ok,1469059200,319600
391,72.52,72.56,70.6,71.1,ok,1469145600,329600
392,72.42,73.2,71.96,72.23,ok,1469404800,574100
393,77.91,78.17,75.1,77.9,ok,1469491200,1582200
394,76.79,78.01,76.51,78.0,ok,1469577600,619900
395,75.82,76.95,75.79,76.95,ok,1469664000,345000
396,76.26,76.98,74.99,75.74,ok,1469750400,534300
397,76.67,77.36,75.92,76.47,ok,1470009600,376400
398,75.43,76.78,75.23,76.65,ok,1470096000,551500
399,75.52,75.82,74.9,75.3,ok,1470182400,570400
400,76.99,77.1,74.62,75.5,ok,1470268800,656600
401,77.25,77.26,75.68,77.0,ok,1470355200,872400
402,77.83,78.04,76.53,77.16,ok,1470614400,447800
403,77.31,78.49,77.1,78.14,ok,1470700800,298300
404,77.3,77.65,77.02,77.42,ok,1470787200,285200
405,77.97,78.09,77.27,77.63,ok,1470873600,252500
406,78.53,78.92,77.76,77.76,ok,1470960000,294300
407,78.48,79.11,78.45,78.69,ok,1471219200,223100
408,77.71,78.3,77.38,78.06,ok,1471305600,181100
409,77.68,78.41,77.24,77.68,ok,1471392000,201400
410,77.74,77.9,77.37,77.49,ok,1471478400,183400
411,77.86,78.04,77.25,77.36,ok,1471564800,158000
412,77.85,77.94,77.08,77.79,ok,1471824000,163000
413,77.95,78.74,77.85,78.25,ok,1471910400,240100
414,77.14,78.2,77.02,77.77,ok,1471996800,217200
415,77.38,77.71,76.78,77.06,ok,1472083200,135100
416,77.5,78.08,76.99,77.47,ok,1472169600,153400
417,77.85,77.99,77.38,77.84,ok,1472428800,146400
418,78.38,78.51,77.45,77.87,ok,1472515200,201500
419,77.61,78.42,77.56,78.16,ok,1472601600,212900
420,77.91,78.27,77.33,77.5,ok,1472688000,186400
421,78.81,78.87,77.97,78.14,ok,1472774400,163400
422,78.79,78.96,78.4,78.74,ok,1473120000,157200
423,79.25,79.25,78.41,78.59,ok,1473206400,173300
424,79.37,79.43,78.59,78.93,ok,1473292800,233300
425,78.16,79.5,78.08,78.78,ok,1473379200,368800
426,78.95,79.1,77.15,77.71,ok,1473638400,338300
427,77.54,78.62,77.43,78.21,ok,1473724800,276800
428,77.4,77.85,77.03,77.76,ok,1473811200,246800
429,78.96,79.07,77.04,77.39,ok,1473897600,211300
430,78.21,78.9,78.09,78.76,ok,1473984000,323000
431,78.52,79.0,78.09,78.41,ok,1474243200,188500
432,79.75,80.08,78.46,78.77,ok,1474329600,460200
433,81.15,81.23,79.77,79.83,ok,1474416000,259300
434,81.93,82.18,81.06,81.6,ok,1474502400,254500
435,80.97,81.98,80.85,81.57,ok,1474588800,185500
436,80.85,81.36,79.51,80.64,ok,1474848000,150700
437,81.25,81.55,80.27,80.59,ok,1474934400,185600
438,81.92,82.1,81.0,81.25,ok,1475020800,202200
439,81.25,82.2,81.11,81.84,ok,1475107200,244000
440,81.83,82.12,80.86,81.35,ok,1475193600,318400
441,82.73,82.87,81.51,81.53,ok,1475452800,257800
442,82.33,83.48,81.9,83.11,ok,1475539200,344300
443,83.62,84.43,82.67,82.81,ok,1475625600,568300
444,83.47,83.94,82.0,83.31,ok,1475712000,210100
445,82.75,83.89,82.25,83.24,ok,1475798400,462300
446,82.74,83.93,82.7,82.92,ok,1476057600,244600
447,83.66,83.73,82.16,82.5,ok,1476144000,410600
448,83.83,84.36,82.11,83.88,ok,1476230400,508100
449,83.09,83.34,82.26,83.03,ok,1476316800,372300
450,83.13,84.81,83.09,83.19,ok,1476403200,406800
451,83.53,84.12,82.95,83.02,ok,1476662400,272800
452,82.84,84.16,82.77,84.14,ok,1476748800,252900
453,84.51,84.75,82.6,83.12,ok,1476835200,529200
454,82.36,84.43,81.72,84.43,ok,1476921600,529600
455,80.89,80.97,76.74,79.84,ok,1477008000,1344700
456,81.5,83.49,81.47,82.26,ok,1477267200,402600
457,81.47,81.81,80.9,81.81,ok,1477353600,378300
458,80.75,82.2,80.3,81.34,ok,1477440000,424700
459,80.0,81.13,79.82,81.06,ok,1477526400,681400
460,79.98,80.9,79.34,80.07,ok,1477612800,313400
461,79.55,80.05,79.34,79.96,ok,1477872000,227400
462,79.11,79.8,79.02,79.5,ok,1477958400,420400
463,78.26,79.73,78.11,79.26,ok,1478044800,341900
464,78.18,79.11,78.08,78.42,ok,1478131200,209800
465,78.13,78.95,77.47,78.0,ok,1478217600,278200
466,79.52,79.97,78.89,78.89,ok,1478476800,258500
467,78.76,79.5,78.58,79.5,ok,1478563200,269900
468,77.39,78.55,76.51,78.53,ok,1478649600,620800
469,74.62,78.56,74.39,78.12,ok,1478736000,1138200
470,75.18,75.51,74.21,74.51,ok,1478822400,281800
471,73.68,75.94,73.48,75.28,ok,1479081600,404200
472,75.34,75.85,73.23,73.77,ok,1479168000,460700
473,76.15,76.21,74.69,75.33,ok,1479254400,388500
474,76.05,76.56,75.7,76.33,ok,1479340800,454000
475,76.49,76.94,75.31,75.93,ok,1479427200,471500
476,76.89,77.33,76.27,76.78,ok,1479686400,386700
477,77.23,77.47,76.48,77.26,ok,1479772800,253800
478,77.44,77.55,76.99,77.07,ok,1479859200,203800
479,77.3,77.73,77.18,77.73,ok,1480032000,68000
480,75.57,77.68,75.32,77.41,ok,1480291200,376200
481,74.69,76.01,74.62,75.71,ok,1480377600,355200
482,71.72,73.37,70.64,72.46,ok,1480464000,1101100
483,71.79,71.88,71.1,71.17,ok,1480550400,577100
484,70.59,71.6,70.57,71.27,ok,1480636800,305900
485,71.83,72.35,70.6,70.88,ok,1480896000,336300
486,72.12,72.64,70.63,72.0,ok,1480982400,296900
487,73.84,74.1,72.08,72.39,ok,1481068800,296700
488,75.0,75.3,73.67,74.02,ok,1481155200,299200
489,74.35,75.49,74.17,75.49,ok,1481241600,187100
490,73.88,74.36,73.05,73.05,ok,1481500800,299600
491,73.72,74.94,73.64,73.95,ok,1481587200,260900
492,73.14,74.41,72.97,73.47,ok,1481673600,210600
493,73.58,74.95,72.45,72.9,ok,1481760000,290800
494,72.98,74.06,72.93,73.49,ok,1481846400,297700
495,73.93,74.26,72.99,73.22,ok,1482105600,196200
496,74.0,74.24,73.48,73.93,ok,1482192000,243400
497,73.37,74.19,73.35,74.19,ok,1482278400,226300
498,73.14,73.67,72.77,73.67,ok,1482364800,293400
499,73.3,74.06,72.54,72.88,ok,1482451200,179600
500,72.5,73.53,72.42,73.05,ok,1482796800,385700
501,72.33,72.93,71.87,72.8,ok,1482883200,250700
502,72.37,72.99,71.92,72.57,ok,1482969600,324900
503,72.43,73.48,71.83,72.25,ok,1483056000,196300
504,73.06,73.75,72.54,72.54,ok,1483401600,408200
505,73.79,74.48,73.4,73.4,ok,1483488000,345100
506,73.93,74.2,73.14,73.76,ok,1483574400,360700
507,73.82,74.08,73.61,73.93,ok,1483660800,316800
508,73.92,74.31,73.81,73.81,ok,1483920000,407200
509,73.03,74.01,72.57,73.94,ok,1484006400,282100
510,73.08,73.13,72.38,73.0,ok,1484092800,268800
511,73.32,73.71,72.32,72.85,ok,1484179200,176700
512,73.02,73.47,72.77,73.26,ok,1484265600,156000
513,72.83,73.37,72.24,72.9,ok,1484611200,175500
514,72.91,73.13,72.42,72.98,ok,1484697600,415900
515,72.74,73.51,72.29,72.94,ok,1484784000,292300
516,72.23,72.88,71.98,72.88,ok,1484870400,162600
517,72.2,72.46,71.86,71.86,ok,1485129600,268900
518,72.58,72.74,71.83,72.18,ok,1485216000,284700
519,72.89,73.57,72.41,72.59,ok,1485302400,410500
520,71.59,73.2,71.47,73.2,ok,1485388800,438200
521,71.65,71.78,71.15,71.38,ok,1485475200,225700
522,71.63,71.67,70.84,71.58,ok,1485734400,283700
523,71.52,71.86,71.21,71.29,ok,1485820800,254200
524,71.24,72.18,70.51,71.45,ok,1485907200,349800
525,71.22,71.82,70.78,71.16,ok,1485993600,553800
526,71.97,72.07,70.78,71.38,ok,1486080000,453600
527,72.43,72.61,71.68,72.19,ok,1486339200,517500
528,72.47,72.76,71.83,72.55,ok,1486425600,422300
529,76.9,77.48,72.3,72.99,ok,1486512000,1132900
530,79.77,80.36,77.22,77.44,ok,1486598400,963200
531,80.25,80.48,78.4,79.21,ok,1486684800,687000
532,79.87,80.47,79.08,80.0,ok,1486944000,466300
533,79.76,79.8,79.28,79.28,ok,1487030400,432100
534,80.54,80.55,79.09,79.95,ok,1487116800,298600
535,80.56,80.59,79.91,80.17,ok,1487203200,206200
536,81.92,81.96,80.47,80.53,ok,1487289600,330100
537,83.2,83.58,82.15,82.15,ok,1487635200,455900
538,82.99,83.48,82.62,82.76,ok,1487721600,247600
539,83.42,83.76,82.49,83.2,ok,1487808000,200400
540,83.45,83.54,82.89,83.21,ok,1487894400,241400
541,82.9,83.65,82.77,83.65,ok,1488153600,433200
542,82.78,83.54,81.93,82.6,ok,1488240000,536700
543,83.44,83.95,82.36,83.45,ok,1488326400,314200
544,82.7,83.96,81.84,83.02,ok,1488412800,658000
545,83.17,83.49,82.34,82.87,ok,1488499200,383300
546,82.95,83.16,82.69,82.85,ok,1488758400,208100
547,82.95,83.47,81.12,82.9,ok,1488844800,168700
548,82.37,83.39,82.29,82.95,ok,1488931200,175100
549,82.58,82.7,81.95,82.42,ok,1489017600,234700
550,82.66,82.99,82.15,82.24,ok,1489104000,168100
551,82.96,83.04,82.4,82.7,ok,1489363200,125400
552,83.22,83.8,81.31,82.17,ok,1489449600,502200
553,83.87,84.11,83.41,83.73,ok,1489536000,650600
554,83.56,84.11,83.28,84.1,ok,1489622400,271600
555,83.49,83.75,82.78,83.58,ok,1489708800,302700
556,83.45,84.08,82.92,84.08,ok,1489968000,298900
557,82.6,83.67,82.41,83.61,ok,1490054400,297100
558,83.16,83.19,82.27,82.61,ok,1490140800,250800
559,83.39,83.48,82.52,83.06,ok,1490227200,246100
560,83.54,83.83,83.16,83.62,ok,1490313600,226900
561,83.81,84.03,82.26,82.8,ok,1490572800,417500
562,84.38,84.48,83.58,83.8,ok,1490659200,215500
563,84.83,85.0,84.09,84.38,ok,1490745600,331500
564,85.37,85.5,84.73,85.0,ok,1490832000,217800
565,85.52,85.97,85.31,85.32,ok,1490918400,329700
566,85.16,86.0,84.59,85.75,ok,1491177600,345000
567,84.73,85.13,84.4,85.11,ok,1491264000,320700
568,84.28,85.38,84.07,85.05,ok,1491350400,432700
569,84.7,85.33,84.45,84.67,ok,1491436800,236800
570,84.9,85.06,84.12,84.99,ok,1491523200,284600
571,85.5,85.79,84.95,85.17,ok,1491782400,324200
572,85.78,86.35,85.16,85.48,ok,1491868800,261000
573,85.2,85.83,85.16,85.42,ok,1491955200,333900
574,84.58,85.6,84.52,85.03,ok,1492041600,221000
575,84.73,85.36,84.11,84.8,ok,1492387200,310600
576,84.97,85.25,84.35,84.38,ok,1492473600,238400
577,85.14,85.37,84.92,85.02,ok,1492560000,187100
578,85.31,85.9,84.83,85.5,ok,1492646400,341100
579,84.82,85.43,84.17,85.27,ok,1492732800,313800
580,85.51,85.81,85.07,85.5,ok,1492992000,336800
581,84.67,85.96,84.47,85.75,ok,1493078400,370900
582,83.3,84.67,81.19,84.67,ok,1493164800,839800
583,83.46,84.59,83.25,83.46,ok,1493251200,451000
584,82.62,83.65,82.39,83.65,ok,1493337600,288500
585,84.0,84.01,82.72,82.95,ok,1493596800,269900
586,84.63,84.77,83.94,84.22,ok,1493683200,337300
587,83.84,84.64,83.18,84.64,ok,1493769600,215200
588,84.38,84.68,83.82,83.82,ok,1493856000,249500
589,84.71,84.98,83.6,84.55,ok,1493942400,254300
590,84.59,85.0,83.99,84.91,ok,1494201600,140700
591,84.64,85.21,84.42,84.7,ok,1494288000,153200
592,85.31,85.42,84.62,84.68,ok,1494374400,189900
593,84.64,85.2,84.11,84.94,ok,1494460800,136700
594,83.91,84.66,83.74,84.65,ok,1494547200,129500
595,84.47,84.88,83.92,83.96,ok,1494806400,141200
596,84.08,84.88,83.91,84.79,ok,1494892800,185800
597,82.52,83.87,82.37,83.7,ok,1494979200,206800
598,82.72,83.15,82.09,82.52,ok,1495065600,164600
599,83.46,83.63,82.6,82.6,ok,1495152000,96800
600,84.42,84.54,83.53,83.74,ok,1495411200,170300
601,83.83,84.49,83.75,84.42,ok,1495497600,97600
602,84.76,84.93,83.62,83.94,ok,1495584000,182400
603,84.48,85.36,84.39,85.0,ok,1495670400,160200
604,84.44,85.2,84.17,84.48,ok,1495756800,136300
605,84.86,85.24,84.04,84.44,ok,1496102400,129200
606,87.23,87.35,85.04,85.05,ok,1496188800,344800
607,88.66,89.0,87.27,87.43,ok,1496275200,291000
608,88.3,89.14,87.86,88.99,ok,1496361600,204500
609,89.6,89.73,88.02,88.5,ok,1496620800,249600
610,89.4,90.23,89.01,89.68,ok,1496707200,339500
611,88.89,89.91,88.79,89.68,ok,1496793600,233800
612,87.89,89.76,87.83,89.26,ok,1496880000,220800
613,86.71,88.39,85.89,88.13,ok,1496966400,275700
614,86.77,87.17,85.42,86.6,ok,1497225600,168500
615,87.85,88.11,86.52,86.88,ok,1497312000,173100
616,87.98,88.0,87.31,87.96,ok,1497398400,125700
617,88.71,88.76,86.99,87.3,ok,1497484800,135300
618,87.61,88.4,87.05,88.4,ok,1497571200,282600
619,87.88,88.55,87.35,87.7,ok,1497830400,153700
620,86.77,88.13,86.7,87.6,ok,1497916800,214700
621,86.73,87.35,86.58,86.6,ok,1498003200,242100
622,86.56,87.1,85.63,86.5,ok,1498089600,150600
623,88.06,88.13,86.39,86.39,ok,1498176000,340900
624,88.67,89.67,88.24,88.79,ok,1498435200,219200
625,87.24,88.46,86.87,88.46,ok,1498521600,180600
626,87.55,87.78,86.5,87.4,ok,1498608000,142500
627,86.82,87.96,85.85,87.54,ok,1498694400,137000
628,87.37,88.13,86.65,87.26,ok,1498780800,175900
629,86.23,87.56,85.83,87.56,ok,1499040000,106900
630,87.74,88.01,86.24,86.24,ok,1499212800,152800
631,86.31,87.74,85.67,87.42,ok,1499299200,290200
632,87.23,87.85,85.83,86.5,ok,1499385600,238400
633,87.24,87.93,86.64,87.58,ok,1499644800,204500
634,88.76,88.76,86.94,87.34,ok,1499731200,246300
635,90.73,91.2,89.21,89.21,ok,1499817600,311200
636,90.51,91.5,90.31,90.72,ok,1499904000,303200
637,90.94,91.68,90.38,90.69,ok,1499990400,163500
638,89.86,90.94,89.81,90.93,ok,1500249600,191400
639,89.24,90.05,89.08,89.42,ok,1500336000,229300
640,91.07,92.0,89.9,90.23,ok,1500422400,306200
641,91.36,91.61,90.25,91.43,ok,1500508800,126100
642,90.83,91.81,90.67,91.21,ok,1500595200,128700
643,92.28,92.58,90.56,91.04,ok,1500854400,358500
644,92.83,94.27,90.43,92.68,ok,1500940800,451800
645,94.2,94.39,90.57,92.85,ok,1501027200,584500
646,95.46,96.0,94.31,94.38,ok,1501113600,314900
647,95.59,96.02,94.19,95.18,ok,1501200000,267800
648,96.61,96.95,95.45,95.96,ok,1501459200,429500
649,97.06,97.17,95.27,96.6,ok,1501545600,362900
650,97.26,97.33,96.11,97.14,ok,1501632000,288300
651,97.19,97.62,96.2,97.12,ok,1501718400,191000
652,96.82,97.55,96.37,97.12,ok,1501804800,242100
653,96.83,97.11,96.48,96.78,ok,1502064000,201100
654,96.07,97.77,95.97,96.87,ok,1502150400,334900
655,96.23,96.68,93.64,95.54,ok,1502236800,322800
656,95.27,97.05,95.19,95.99,ok,1502323200,150300
657,95.57,96.72,95.15,95.15,ok,1502409600,291200
658,96.74,97.92,95.19,95.86,ok,1502668800,367000
659,96.61,97.0,95.52,96.67,ok,1502755200,231000
660,97.08,97.5,95.16,97.03,ok,1502841600,265500
661,96.06,97.12,95.89,96.89,ok,1502928000,167500
662,95.19,95.84,95.03,95.76,ok,1503014400,139500
663,96.4,96.43,95.3,95.41,ok,1503273600,252400
664,96.88,97.22,96.63,96.94,ok,1503360000,246500
665,96.64,96.79,96.18,96.2,ok,1503446400,168600
666,96.02,97.5,95.89,96.9,ok,1503532800,160200
667,95.46,96.88,95.24,96.58,ok,1503619200,276800
668,97.16,97.19,96.0,96.0,ok,1503878400,166400
669,97.32,97.58,96.36,96.36,ok,1503964800,227400
670,97.43,97.68,96.78,97.33,ok,1504051200,287500
671,98.27,98.37,97.22,97.7,ok,1504137600,174800
672,97.65,98.55,97.57,98.45,ok,1504224000,176900
673,96.85,97.28,95.98,97.16,ok,1504569600,182600
674,96.69,97.0,96.02,97.0,ok,1504656000,214700
675,97.38,97.68,96.51,96.69,ok,1504742400,185300
676,97.09,97.7,96.64,97.39,ok,1504828800,193400
677,97.43,98.49,97.37,98.0,ok,1505088000,267200
678,98.14,98.2,96.91,97.5,ok,1505174400,256300
679,98.04,98.55,97.87,98.19,ok,1505260800,365100
680,98.4,98.83,97.63,97.93,ok,1505347200,250100
681,98.68,99.04,98.15,98.2,ok,1505433600,293300
682,99.03,99.53,98.49,98.51,ok,1505692800,201400
683,98.02,99.38,97.94,99.06,ok,1505779200,149500
684,95.9,97.81,95.25,97.35,ok,1505865600,400400
685,95.98,96.14,95.25,96.05,ok,1505952000,295900
686,95.97,96.44,94.76,95.75,ok,1506038400,258300
687,94.63,95.6,93.49,95.55,ok,1506297600,382000
688,94.11,94.98,93.41,94.96,ok,1506384000,341200
689,94.25,96.31,93.53,94.15,ok,1506470400,326800
690,94.05,94.23,93.56,93.97,ok,1506556800,211900
691,94.79,95.07,94.13,94.35,ok,1506643200,257600
692,94.6,95.29,94.02,94.85,ok,1506902400,213100
693,95.07,97.2,94.47,94.61,ok,1506988800,273400
694,95.23,95.44,94.44,94.94,ok,1507075200,201200
695,96.33,96.5,95.03,95.72,ok,1507161600,186000
696,97.38,97.41,95.96,96.32,ok,1507248000,215700
697,99.19,99.33,97.0,97.37,ok,1507507200,275900
698,99.35,99.93,98.63,99.01,ok,1507593600,300800
699,99.72,99.98,98.52,99.01,ok,1507680000,703500
700,98.35,99.76,98.19,99.48,ok,1507766400,300100
701,96.28,98.75,95.45,98.37,ok,1507852800,457900
702,95.16,97.01,94.83,96.64,ok,1508112000,365400
703,96.37,96.97,95.09,95.23,ok,1508198400,341300
704,96.68,96.8,96.25,96.55,ok,1508284800,275800
705,96.78,97.12,95.51,96.73,ok,1508371200,372800
706,98.71,101.07,96.76,100.0,ok,1508457600,398300
707,99.98,100.67,99.19,99.41,ok,1508716800,477100
708,98.55,99.86,97.8,99.76,ok,1508803200,372600
709,96.95,99.72,96.13,98.51,ok,1508889600,369500
710,98.18,98.54,96.72,96.96,ok,1508976000,276700
711,98.28,98.56,97.51,98.21,ok,1509062400,241300
712,96.12,98.47,96.01,98.47,ok,1509321600,274500
713,96.64,97.11,95.7,96.14,ok,1509408000,320000
714,97.19,98.54,96.39,97.11,ok,1509494400,372800
715,93.92,97.06,93.51,96.87,ok,1509580800,770800
716,93.68,94.89,93.27,94.05,ok,1509667200,631000
717,91.6,93.69,91.51,93.48,ok,1509926400,690900
718,90.34,91.8,90.3,91.8,ok,1510012800,530100
719,91.79,92.05,87.34,90.0,ok,1510099200,1248400
720,90.64,92.1,90.29,91.31,ok,1510185600,304500
721,90.7,91.51,89.52,90.13,ok,1510272000,304900
722,90.5,90.9,89.91,90.21,ok,1510531200,240700
723,88.99,91.1,88.94,90.25,ok,1510617600,584400
724,86.49,88.56,85.56,88.56,ok,1510704000,1073600
725,88.97,89.34,86.87,87.04,ok,1510790400,719400
726,88.9,89.41,88.15,88.66,ok,1510876800,304800
727,88.98,89.22,87.48,88.09,ok,1511136000,363000
728,89.93,90.29,89.03,89.08,ok,1511222400,427800
729,90.11,90.8,89.48,89.81,ok,1511308800,267400
730,91.06,91.21,90.1,90.21,ok,1511481600,87300
731,90.6,91.4,90.22,91.0,ok,1511740800,291900
732,91.45,91.64,90.29,90.7,ok,1511827200,268400
733,91.03,91.55,90.63,91.49,ok,1511913600,308600
734,91.35,91.56,90.99,91.36,ok,1512000000,330300
735,91.05,91.53,89.88,91.34,ok,1512086400,362800
736,90.97,91.95,89.84,91.81,ok,1512345600,425700
737,92.58,92.72,90.35,90.75,ok,1512432000,457500
738,92.71,92.89,92.03,92.07,ok,1512518400,492700
739,93.08,93.65,92.53,92.99,ok,1512604800,270400
740,93.54,93.61,92.66,93.33,ok,1512691200,254600
741,92.99,93.97,92.74,93.11,ok,1512950400,607400
742,91.99,93.15,91.61,92.8,ok,1513036800,408100
743,91.57,92.54,91.02,91.82,ok,1513123200,451000
744,91.28,92.12,91.14,92.0,ok,1513209600,706900
745,91.9,92.05,89.81,91.17,ok,1513296000,495300
746,84.85,90.33,84.21,89.63,ok,1513555200,1722100
747,88.99,89.75,84.5,84.56,ok,1513641600,1320700
748,87.22,89.9,86.93,89.14,ok,1513728000,400100
749,86.27,88.16,85.78,87.52,ok,1513814400,384900
750,84.36,85.81,84.18,85.81,ok,1513900800,389700
751,84.03,84.91,83.15,83.94,ok,1514246400,315200
752,84.41,84.84,83.85,84.33,ok,1514332800,220100
753,84.21,84.46,83.63,84.46,ok,1514419200,223700
754,84.27,84.59,83.46,84.21,ok,1514505600,239300
755,85.16,85.75,83.93,83.93,ok,1514851200,459000
756,92.08,92.68,88.26,89.0,ok,1514937600,1573100
757,92.51,93.56,91.71,92.0,ok,1515024000,1210300
758,95.89,96.0,92.42,92.42,ok,1515110400,699200
759,95.12,96.52,94.26,96.2,ok,1515369600,513800
760,93.58,95.53,93.52,95.53,ok,1515456000,351200
761,94.37,94.48,93.11,93.4,ok,1515542400,479300
762,95.19,95.26,93.51,94.0,ok,1515628800,313900
763,95.0,95.78,94.72,95.69,ok,1515715200,322200
764,95.18,95.93,94.84,95.67,ok,1516060800,311200
765,94.72,95.48,94.44,95.41,ok,1516147200,293900
766,94.99,95.77,94.69,95.01,ok,1516233600,330900
767,95.31,95.85,95.0,95.29,ok,1516320000,253900
768,95.16,95.69,94.91,95.27,ok,1516579200,407200
769,95.67,96.46,94.84,95.2,ok,1516665600,477900
770,95.41,96.79,94.86,95.66,ok,1516752000,221200
771,95.98,96.07,94.79,95.55,ok,1516838400,226300
772,95.67,96.65,95.07,96.0,ok,1516924800,274300
773,94.74,95.77,94.53,95.09,ok,1517184000,303400
774,94.7,95.11,94.05,94.05,ok,1517270400,425900
775,93.87,95.07,93.61,95.02,ok,1517356800,538100
776,89.98,94.79,88.55,94.18,ok,1517443200,1841500
777,88.7,93.0,88.56,89.67,ok,1517529600,650800
778,85.58,89.74,85.58,88.27,ok,1517788800,762500
779,86.8,87.43,84.06,84.45,ok,1517875200,828900
780,82.68,85.48,80.14,84.5,ok,1517961600,1629500
781,79.48,82.75,79.47,82.38,ok,1518048000,926700
782,78.7,82.3,76.26,80.6,ok,1518134400,1039400
783,79.85,80.62,78.63,79.14,ok,1518393600,906000
784,78.61,79.87,78.54,79.34,ok,1518480000,545500
785,78.89,79.36,78.05,78.43,ok,1518566400,1010000
786,82.95,83.5,78.93,79.4,ok,1518652800,1046100
787,83.68,85.04,82.14,82.9,ok,1518739200,785300
788,84.3,84.7,83.02,83.29,ok,1519084800,656400
789,84.44,85.31,83.78,84.54,ok,1519171200,791300
790,84.31,85.48,84.12,84.51,ok,1519257600,720100
791,85.12,85.12,84.04,84.57,ok,1519344000,434100
792,85.68,85.77,84.62,85.59,ok,1519603200,452400
793,85.38,86.11,85.13,85.95,ok,1519689600,395300
794,84.87,85.85,84.69,85.45,ok,1519776000,738800
795,82.9,85.5,82.84,84.84,ok,1519862400,862100
796,84.44,84.52,81.86,82.67,ok,1519948800,414500
797,85.41,85.9,83.49,83.71,ok,1520208000,343300
798,85.9,86.16,84.18,85.28,ok,1520294400,618300
799,86.99,87.23,85.19,85.23,ok,1520380800,832600
800,87.35,87.79,86.52,86.92,ok,1520467200,361800
801,88.29,88.65,87.54,88.1,ok,1520553600,367400
802,87.6,88.48,87.32,88.25,ok,1520812800,417800
803,87.04,88.47,86.55,88.14,ok,1520899200,494100
804,87.32,88.72,86.33,87.57,ok,1520985600,318400
805,87.49,88.5,86.7,87.4,ok,1521072000,229400
806,87.24,88.22,87.21,87.98,ok,1521158400,334300
807,85.75,87.18,84.74,86.78,ok,1521417600,253600
808,86.65,86.92,85.83,85.83,ok,1521504000,166800
809,88.76,89.32,85.77,86.51,ok,1521590400,610700
810,87.26,88.62,87.21,87.77,ok,1521676800,627400
811,86.01,87.57,85.15,87.27,ok,1521763200,477700
812,87.2,87.64,85.35,87.36,ok,1522022400,457700
813,83.86,87.4,83.0,87.36,ok,1522108800,817300
814,76.95,83.19,76.06,83.14,ok,1522195200,2233200
815,78.92,79.28,74.65,76.92,ok,1522281600,1134200
816,76.11,79.11,75.13,79.11,ok,1522627200,724800
817,72.26,77.0,71.17,76.29,ok,1522713600,2820700
818,72.07,73.06,70.76,71.56,ok,1522800000,1221400
819,71.99,73.06,70.67,73.06,ok,1522886400,1388900
820,71.24,72.64,70.82,71.56,ok,1522972800,1063100
821,73.47,74.8,72.12,72.12,ok,1523232000,1589200
822,73.99,75.65,72.8,74.91,ok,1523318400,1133400
823,74.25,75.3,73.43,73.48,ok,1523404800,347100
824,75.02,75.67,74.25,74.43,ok,1523491200,561800
825,75.02,75.88,74.25,75.43,ok,1523577600,431200
826,75.58,76.02,74.92,75.4,ok,1523836800,494200
827,77.33,77.42,75.28,75.85,ok,1523923200,389000
828,77.79,78.43,76.64,77.56,ok,1524009600,622000
829,76.61,77.52,74.93,77.31,ok,1524096000,395100
830,76.78,77.21,76.02,76.65,ok,1524182400,452000
831,76.35,77.26,75.88,77.14,ok,1524441600,414700
832,75.3,77.63,74.0,76.27,ok,1524528000,875700
833,78.43,79.56,74.35,75.3,ok,1524614400,1540600
834,79.41,79.98,77.15,79.47,ok,1524700800,1257300
835,79.4,79.89,78.43,79.68,ok,1524787200,904900
836,78.11,79.97,77.64,79.32,ok,1525046400,793700
837,78.7,79.11,77.9,77.97,ok,1525132800,477200
838,78.3,79.18,77.53,78.48,ok,1525219200,586000
839,78.69,78.94,78.11,78.17,ok,1525305600,691700
840,79.86,80.51,78.43,78.86,ok,1525392000,716800
841,81.02,81.38,79.78,79.78,ok,1525651200,641000
842,81.81,82.72,80.9,81.89,ok,1525737600,662700
843,82.93,83.22,80.19,82.06,ok,1525824000,646100
844,83.7,84.02,81.28,82.88,ok,1525910400,406400
845,82.53,84.49,82.45,83.95,ok,1525996800,457000
846,82.08,82.97,81.87,82.45,ok,1526256000,391000
847,82.38,82.86,81.07,81.93,ok,1526342400,529300
848,82.68,83.55,82.06,82.61,ok,1526428800,318400
849,82.25,82.92,78.65,82.55,ok,1526515200,265100
850,82.01,82.64,80.64,81.91,ok,1526601600,249100
851,81.68,84.39,81.59,82.56,ok,1526860800,283500
852,82.0,82.43,79.52,82.09,ok,1526947200,333100
853,82.18,82.38,81.38,81.58,ok,1527033600,294700
854,82.16,82.38,81.72,82.18,ok,1527120000,551100
855,81.74,81.86,80.73,81.86,ok,1527206400,219600
856,80.56,81.48,80.12,81.24,ok,1527552000,470600
857,81.66,82.52,80.46,80.63,ok,1527638400,513800
858,83.81,84.21,81.75,81.84,ok,1527724800,731600
859,84.4,84.87,83.38,83.9,ok,1527811200,397800
860,84.89,85.13,83.99,84.51,ok,1528070400,266400
861,85.11,85.46,84.34,84.88,ok,1528156800,240300
862,87.25,87.3,84.53,85.47,ok,1528243200,514700
863,85.29,87.8,84.39,87.48,ok,1528329600,502800
864,85.98,86.21,84.94,84.99,ok,1528416000,221300
865,84.88,85.31,84.06,85.0,ok,1528675200,588400
866,85.82,85.95,84.23,84.71,ok,1528761600,302100
867,85.48,86.69,85.44,86.2,ok,1528848000,451800
868,85.11,85.99,84.86,85.99,ok,1528934400,377100
869,85.37,85.53,83.9,85.04,ok,1529020800,704700
870,87.28,87.4,84.63,85.27,ok,1529280000,610600
871,87.13,87.28,85.46,86.66,ok,1529366400,396000
872,88.4,88.54,86.8,87.2,ok,1529452800,278000
873,88.43,88.75,87.13,88.44,ok,1529539200,329900
874,87.49,88.96,87.46,88.73,ok,1529625600,1240600
875,84.5,87.48,84.1,87.32,ok,1529884800,314700
876,84.45,85.0,83.48,84.49,ok,1529971200,298300
877,82.49,84.86,82.39,84.86,ok,1530057600,177800
878,83.47,83.82,81.69,82.01,ok,1530144000,401200
879,83.77,84.33,83.0,83.36,ok,1530230400,400500
880,84.93,85.19,82.85,83.43,ok,1530489600,188100
881,84.74,85.46,84.25,85.36,ok,1530576000,127100
882,85.18,85.29,84.06,84.83,ok,1530748800,577800
883,85.75,86.23,85.18,85.19,ok,1530835200,221100
884,85.4,86.41,85.33,86.41,ok,1531094400,470200
885,86.28,86.52,85.3,85.3,ok,1531180800,857200
886,86.35,86.87,86.04,86.29,ok,1531267200,315600
887,85.9,86.9,85.75,86.51,ok,1531353600,275700
888,85.2,86.0,84.69,85.61,ok,1531440000,286000
889,84.77,85.9,84.49,85.08,ok,1531699200,242200
890,85.25,85.79,84.73,84.73,ok,1531785600,375900
891,85.94,86.24,84.87,85.26,ok,1531872000,529200
892,86.09,86.37,85.47,85.97,ok,1531958400,198300
893,85.92,86.27,85.54,85.77,ok,1532044800,164700
894,84.35,85.65,84.25,85.62,ok,1532304000,342800
895,84.02,85.48,82.72,84.6,ok,1532390400,537300
896,94.4,95.48,84.03,84.03,ok,1532476800,1933100
897,95.21,96.2,93.5,94.8,ok,1532563200,1086600
898,93.43,95.46,92.32,95.46,ok,1532649600,633800
899,91.18,93.1,89.91,93.1,ok,1532908800,504400
900,91.94,92.32,90.89,91.26,ok,1532995200,478600
901,92.13,92.83,91.66,91.94,ok,1533081600,432700
902,93.93,94.41,91.86,91.92,ok,1533168000,374600
903,93.7,94.24,92.22,94.24,ok,1533254400,240300
904,93.88,94.5,93.47,93.64,ok,1533513600,210500
905,94.05,94.77,93.82,94.03,ok,1533600000,150300
906,92.93,94.04,92.38,94.04,ok,1533686400,207000
907,94.29,94.65,92.89,92.89,ok,1533772800,150200
908,94.32,94.93,93.34,93.86,ok,1533859200,324400
909,93.92,94.48,93.28,94.32,ok,1534118400,223400
910,94.61,94.72,93.78,94.17,ok,1534204800,246200
911,94.05,94.49,92.78,94.13,ok,1534291200,183400
912,94.55,95.01,94.34,94.56,ok,1534377600,173500
913,95.0,95.09,93.28,94.68,ok,1534464000,141100
914,95.64,95.87,94.36,95.19,ok,1534723200,169700
915,95.99,96.3,95.49,95.92,ok,1534809600,286800
916,96.7,96.96,95.61,96.0,ok,1534896000,215100
917,96.39,97.17,96.27,96.71,ok,1534982400,151300
918,96.99,97.15,96.33,96.54,ok,1535068800,242900
919,96.56,97.48,96.34,97.31,ok,1535328000,254800
920,96.56,96.96,95.96,96.7,ok,1535414400,175600
921,96.74,97.0,96.33,96.93,ok,1535500800,326500
922,96.89,97.08,95.42,96.74,ok,1535587200,237300
923,97.8,98.19,96.68,96.81,ok,1535673600,307300
924,97.92,98.46,97.12,98.36,ok,1536019200,449400
925,98.01,98.1,96.34,97.92,ok,1536105600,755400
926,97.91,98.25,97.18,97.73,ok,1536192000,394100
927,98.36,98.84,97.18,97.82,ok,1536278400,612800
928,99.77,99.82,98.46,98.8,ok,1536537600,525800
929,99.96,100.03,99.06,99.61,ok,1536624000,443700
930,101.42,102.19,100.01,100.3,ok,1536710400,1361600
931,101.66,102.39,101.29,101.74,ok,1536796800,641500
932,102.3,102.5,101.49,101.63,ok,1536883200,424400
933,102.03,102.47,101.14,102.1,ok,1537142400,386900
934,102.92,102.95,101.57,101.73,ok,1537228800,511200
935,102.09,104.16,101.79,102.86,ok,1537315200,552000
936,103.22,103.87,102.15,102.15,ok,1537401600,428100
937,102.1,103.86,101.96,103.19,ok,1537488000,332100
938,101.37,101.91,100.52,101.91,ok,1537747200,250800
939,100.78,101.74,100.64,101.47,ok,1537833600,370700
940,100.91,101.86,99.86,100.7,ok,1537920000,303100
941,100.21,101.51,100.09,101.11,ok,1538006400,278000
942,100.22,100.35,99.53,100.08,ok,1538092800,362600
943,115.06,115.33,109.0,109.0,ok,1538352000,2026200
944,115.3,118.86,114.96,118.74,ok,1538438400,1635600
945,119.14,120.12,116.28,116.28,ok,1538524800,1193500
946,117.72,119.44,116.57,119.44,ok,1538611200,742500
947,116.84,118.69,115.79,117.69,ok,1538697600,558300
948,114.05,116.62,112.97,116.18,ok,1538956800,429600
949,114.98,116.29,113.39,114.33,ok,1539043200,1450000
950,110.79,115.08,110.41,115.01,ok,1539129600,512500
951,110.48,111.7,109.41,110.8,ok,1539216000,616700
952,112.86,113.59,111.24,113.19,ok,1539302400,359800
953,112.28,113.7,110.99,112.46,ok,1539561600,476100
954,115.37,115.44,112.4,113.51,ok,1539648000,431400
955,115.6,118.52,114.19,115.8,ok,1539734400,480700
956,112.69,117.05,111.46,115.41,ok,1539820800,900000
957,115.89,117.86,111.41,111.41,ok,1539907200,1374400
958,113.34,118.09,111.31,117.11,ok,1540166400,787400
959,113.0,114.01,110.87,111.46,ok,1540252800,481000
960,110.49,114.75,110.31,112.12,ok,1540339200,427100
961,111.19,112.59,110.04,111.62,ok,1540425600,347100
962,111.29,111.86,105.18,109.22,ok,1540512000,625000
963,107.29,112.75,106.41,112.75,ok,1540771200,688500
964,108.14,109.58,105.98,107.0,ok,1540857600,392300
965,111.18,112.74,109.57,109.57,ok,1540944000,600100
966,111.5,113.24,110.67,111.31,ok,1541030400,460200
967,111.2,114.01,110.1,112.25,ok,1541116800,367800
968,110.29,112.46,109.12,110.86,ok,1541376000,371600
969,110.7,111.84,109.63,110.2,ok,1541462400,294000
970,112.13,113.83,110.55,111.1,ok,1541548800,639800
971,110.78,113.15,109.98,111.9,ok,1541635200,549700
972,110.85,111.58,109.36,110.11,ok,1541721600,406700
973,108.77,110.8,107.82,110.44,ok,1541980800,378200
974,108.71,110.31,108.71,108.88,ok,1542067200,329800
975,109.02,111.16,108.59,109.5,ok,1542153600,323900
976,112.23,112.9,108.05,108.58,ok,1542240000,448800
977,113.67,115.19,111.71,111.71,ok,1542326400,528200
978,111.42,114.1,111.28,113.0,ok,1542585600,505300
979,108.38,109.87,106.86,109.58,ok,1542672000,562700
980,111.13,111.48,107.95,109.17,ok,1542758400,310800
981,111.32,112.02,110.05,110.05,ok,1542931200,141700
982,113.07,113.97,112.29,112.5,ok,1543190400,409400
983,113.88,114.42,111.24,112.16,ok,1543276800,492700
984,117.67,118.97,114.53,114.91,ok,1543363200,1057400
985,118.4,118.77,115.85,118.41,ok,1543449600,510200
986,117.61,121.64,117.35,118.4,ok,1543536000,1035700
987,120.53,121.93,118.2,121.0,ok,1543795200,678900
988,116.26,120.51,115.81,119.98,ok,1543881600,590500
989,112.92,113.42,104.1,113.42,ok,1544054400,939100
990,111.34,115.41,110.22,112.4,ok,1544140800,393200
991,112.88,113.4,110.21,110.52,ok,1544400000,318400
992,113.17,115.86,112.62,114.2,ok,1544486400,284000
993,111.45,115.17,111.35,114.46,ok,1544572800,419900
994,107.83,113.38,106.94,111.46,ok,1544659200,602100
995,104.79,107.39,104.06,106.77,ok,1544745600,690300
996,100.96,105.58,100.55,104.6,ok,1545004800,665700
997,102.91,103.22,100.11,101.06,ok,1545091200,526500
998,101.96,105.86,101.03,103.47,ok,1545177600,585200
999,100.41,102.04,97.9,101.1,ok,1545264000,571700
1000,97.08,101.01,96.98,101.01,ok,1545350400,728500
1001,96.7,97.64,95.44,96.41,ok,1545609600,208800
1002,101.12,101.2,91.78,97.49,ok,1545782400,353200
1003,101.42,101.43,98.23,99.1,ok,1545868800,367000
1004,101.18,102.92,100.01,101.92,ok,1545955200,314900
1005,102.38,102.38,99.62,101.64,ok,1546214400,362100
1006,101.56,102.85,99.92,100.59,ok,1546387200,519500
1007,96.45,100.97,96.42,100.52,ok,1546473600,596900
1008,100.13,100.88,96.94,98.08,ok,1546560000,599000
1009,101.47,101.88,98.19,100.46,ok,1546819200,508800
1010,103.31,104.05,101.58,101.58,ok,1546905600,646700
1011,104.01,104.62,102.89,103.39,ok,1546992000,609500
1012,104.6,104.64,102.82,103.16,ok,1547078400,376400
1013,104.74,105.22,103.81,104.54,ok,1547164800,1168400
1014,106.05,106.93,103.01,104.24,ok,1547424000,406300
1015,107.96,108.03,106.08,106.08,ok,1547510400,309100
1016,109.7,110.1,108.1,108.1,ok,1547596800,332100
1017,110.79,112.0,109.55,109.55,ok,1547683200,453600
1018,113.0,113.26,110.85,111.37,ok,1547769600,650700
1019,112.46,112.77,111.6,112.77,ok,1548115200,472100
1020,113.56,114.24,111.63,112.5,ok,1548201600,369800
1021,114.37,114.83,113.45,113.45,ok,1548288000,342500
1022,115.41,116.38,114.89,115.09,ok,1548374400,382100
1023,114.79,115.56,113.42,114.59,ok,1548633600,259400
1024,113.65,114.99,113.04,114.72,ok,1548720000,202400
1025,115.56,115.69,113.48,114.4,ok,1548806400,311800
1026,115.01,116.98,109.8,115.6,ok,1548892800,404600
1027,115.35,116.58,114.67,115.0,ok,1548979200,398600
1028,116.52,116.52,114.88,115.36,ok,1549238400,267500
1029,117.51,118.25,116.6,116.9,ok,1549324800,209900
1030,116.85,117.73,116.21,117.4,ok,1549411200,228000
1031,115.33,117.12,115.0,116.68,ok,1549497600,478900
1032,126.57,129.33,115.36,118.6,ok,1549584000,1877500
1033,129.13,134.0,127.29,127.91,ok,1549843200,1208600
1034,128.76,131.55,128.14,129.33,ok,1549929600,712600
1035,129.29,130.15,128.6,129.29,ok,1550016000,515000
1036,129.37,130.88,128.17,129.16,ok,1550102400,366800
1037,128.98,130.85,128.65,130.27,ok,1550188800,517000
1038,129.76,130.19,128.08,128.54,ok,1550534400,339200
1039,131.6,132.29,129.33,129.7,ok,1550620800,404000
1040,131.3,132.38,130.67,131.59,ok,1550707200,214100
1041,133.99,134.52,131.83,131.9,ok,1550793600,285500
1042,133.2,135.0,132.51,134.99,ok,1551052800,251000
1043,133.01,134.27,131.32,132.68,ok,1551139200,264100
1044,134.63,134.94,132.71,133.06,ok,1551225600,243600
1045,134.32,135.07,133.53,134.65,ok,1551312000,296300
1046,135.37,135.88,132.76,135.42,ok,1551398400,492900
1047,136.97,137.77,135.05,136.17,ok,1551657600,493900
1048,137.14,137.5,135.79,137.07,ok,1551744000,310500
1049,137.13,137.98,135.78,137.53,ok,1551830400,257100
1050,136.46,137.56,135.38,136.69,ok,1551916800,248900
1051,135.55,136.52,134.6,135.27,ok,1552003200,277200
1052,137.9,138.53,134.9,135.88,ok,1552262400,521900
1053,138.31,139.27,137.0,138.0,ok,1552348800,344900
1054,138.77,139.58,137.7,138.29,ok,1552435200,618300
1055,140.47,143.17,139.28,139.59,ok,1552521600,2076700
1056,138.15,141.3,137.76,140.5,ok,1552608000,662000
1057,139.73,139.87,138.08,138.49,ok,1552867200,427900
1058,140.45,142.99,139.25,140.66,ok,1552953600,783900
1059,137.82,139.92,135.65,139.58,ok,1553040000,716000
1060,142.02,143.0,138.33,138.33,ok,1553126400,710500
1061,138.78,143.45,138.24,142.04,ok,1553212800,546400
1062,137.3,139.09,136.38,138.29,ok,1553472000,409900
1063,139.38,139.89,137.39,138.37,ok,1553558400,479000
1064,139.51,140.98,138.52,139.46,ok,1553644800,335300
1065,139.98,142.6,139.35,141.75,ok,1553731200,482200
1066,142.59,142.9,140.2,140.95,ok,1553817600,500000
1067,144.95,145.91,143.24,143.8,ok,1554076800,554500
1068,141.33,147.43,141.0,145.33,ok,1554163200,810200
1069,141.98,144.22,141.11,142.22,ok,1554249600,963300
1070,141.03,143.2,139.02,141.69,ok,1554336000,654700
1071,142.75,143.84,141.02,142.35,ok,1554422400,533400
1072,143.51,143.63,140.9,142.2,ok,1554681600,413900
1073,143.82,144.78,141.2,142.79,ok,1554768000,497800
1074,143.07,144.97,142.73,143.74,ok,1554854400,487700
1075,142.88,144.4,141.03,143.51,ok,1554940800,525400
1076,144.69,145.26,142.5,143.49,ok,1555027200,698400
1077,146.72,146.92,144.73,144.92,ok,1555286400,658400
1078,146.81,148.19,146.08,147.35,ok,1555372800,861900
1079,148.96,149.15,145.95,146.82,ok,1555459200,684900
1080,147.42,150.53,147.15,149.13,ok,1555545600,680000
1081,147.49,148.05,146.15,146.79,ok,1555891200,318500
1082,147.97,149.27,147.55,148.03,ok,1555977600,480400
1083,147.96,149.17,147.08,147.85,ok,1556064000,679300
1084,147.02,149.59,146.18,149.2,ok,1556150400,435300
1085,147.24,147.91,146.33,147.08,ok,1556236800,273200
1086,147.45,148.53,146.42,148.12,ok,1556496000,748400
1087,149.89,150.63,145.51,147.52,ok,1556582400,1246200
1088,149.75,152.0,148.51,150.48,ok,1556668800,695500
1089,148.16,151.03,146.79,149.25,ok,1556755200,505600
1090,150.67,150.81,147.64,149.06,ok,1556841600,435100
1091,151.96,152.17,147.6,147.64,ok,1557100800,372300
1092,150.33,152.34,148.0,151.99,ok,1557187200,456400
1093,150.92,152.16,149.96,149.96,ok,1557273600,430800
1094,150.77,150.96,148.1,148.92,ok,1557360000,385500
1095,151.46,151.64,147.73,150.04,ok,1557446400,415200
1096,146.8,150.05,145.75,148.47,ok,1557705600,476400
1097,148.37,149.65,147.55,147.74,ok,1557792000,376600
1098,149.83,150.99,147.65,147.67,ok,1557878400,348000
1099,153.51,154.72,150.61,150.61,ok,1557964800,439300
1100,153.28,154.89,152.63,152.63,ok,1558051200,410000
1101,152.04,153.78,151.16,152.01,ok,1558310400,316300
1102,155.46,155.99,153.13,153.13,ok,1558396800,468300
1103,158.39,158.7,154.64,154.64,ok,1558483200,541400
1104,156.14,157.37,155.52,157.05,ok,1558569600,402000
1105,158.39,158.8,156.82,157.17,ok,1558656000,180400
1106,158.04,160.2,157.72,159.21,ok,1559001600,274700
1107,155.91,157.67,155.1,157.18,ok,1559088000,268300
1108,156.48,158.27,156.03,156.66,ok,1559174400,289000
1109,155.04,155.69,152.91,154.76,ok,1559260800,323300
1110,154.16,156.63,153.45,154.9,ok,1559520000,405000
1111,155.93,156.22,153.27,155.26,ok,1559606400,340200
1112,160.28,160.85,156.53,156.59,ok,1559692800,214500
1113,159.38,162.75,158.32,160.7,ok,1559779200,266300
1114,160.67,163.11,160.23,160.65,ok,1559865600,334500
1115,161.26,162.7,161.09,161.66,ok,1560124800,304900
1116,161.35,162.89,159.82,161.86,ok,1560211200,279100
1117,162.98,163.61,161.41,162.07,ok,1560297600,280000
1118,160.12,162.54,158.94,161.54,ok,1560384000,527000
1119,158.83,161.34,158.16,160.27,ok,1560470400,326400
1120,159.64,161.27,158.66,159.62,ok,1560729600,345500
1121,156.96,159.24,156.43,159.14,ok,1560816000,448300
1122,162.25,162.69,156.36,156.84,ok,1560902400,725200
1123,163.32,165.27,162.79,163.83,ok,1560988800,355000
1124,161.49,163.25,161.24,163.25,ok,1561075200,378100
1125,162.33,164.0,161.29,161.4,ok,1561334400,357300
1126,161.23,163.1,158.95,162.78,ok,1561420800,459000
1127,160.22,163.26,159.84,161.45,ok,1561507200,364200
1128,163.83,164.2,160.25,160.5,ok,1561593600,412500
1129,168.24,168.77,164.17,164.72,ok,1561680000,1192500
1130,167.47,170.24,165.27,169.58,ok,1561939200,327600
1131,167.72,168.71,165.03,166.94,ok,1562025600,262300
1132,169.05,169.54,167.24,168.34,ok,1562112000,215500
1133,167.41,168.86,166.62,168.67,ok,1562284800,381600
1134,168.11,168.13,165.63,166.46,ok,1562544000,239800
1135,169.16,170.09,167.66,167.66,ok,1562630400,325500
1136,170.21,170.75,168.76,170.32,ok,1562716800,193000
1137,169.36,171.25,168.52,170.61,ok,1562803200,208400
1138,168.41,169.99,167.0,169.5,ok,1562889600,274400
1139,167.14,170.94,166.55,169.29,ok,1563148800,265600
1140,164.52,167.47,164.35,166.92,ok,1563235200,427700
1141,164.62,166.72,164.16,165.33,ok,1563321600,294100
1142,165.01,165.85,162.09,164.62,ok,1563408000,274600
1143,165.11,167.44,164.8,166.05,ok,1563494400,320900
1144,164.09,165.94,163.72,165.46,ok,1563753600,376100
1145,165.36,165.48,162.72,164.98,ok,1563840000,450200
1146,157.43,162.75,148.31,162.75,ok,1563926400,2364600
1147,155.36,156.95,153.15,155.14,ok,1564012800,651600
1148,157.5,159.03,156.49,156.69,ok,1564099200,441900
1149,159.63,161.16,157.61,160.67,ok,1564358400,444600
1150,155.63,159.66,155.08,159.01,ok,1564444800,398100
1151,155.91,158.93,155.31,156.2,ok,1564531200,479000
1152,158.17,159.2,155.76,156.14,ok,1564617600,364700
1153,153.13,156.86,152.58,155.2,ok,1564704000,502500
1154,146.95,150.95,145.66,150.0,ok,1564963200,382700
1155,148.37,149.76,147.17,148.11,ok,1565049600,399300
1156,151.51,152.12,146.01,147.23,ok,1565136000,377700
1157,155.56,158.39,153.08,153.11,ok,1565222400,449700
1158,153.12,155.05,153.02,154.3,ok,1565308800,277500
1159,152.81,154.39,151.17,152.78,ok,1565568000,318100
1160,153.39,154.9,150.0,150.78,ok,1565654400,393200
1161,147.46,151.2,146.82,150.38,ok,1565740800,411800
1162,148.88,150.37,147.51,148.03,ok,1565827200,358800
1163,150.6,152.09,150.35,150.35,ok,1565913600,449800
1164,152.68,153.28,150.62,152.09,ok,1566172800,377400
1165,153.87,155.0,151.39,152.37,ok,1566259200,378400
1166,154.03,156.0,153.58,154.94,ok,1566345600,353900
1167,151.31,154.34,150.73,154.06,ok,1566432000,365300
1168,148.6,152.91,147.97,150.52,ok,1566518400,235500
1169,150.85,150.99,148.98,150.04,ok,1566777600,211000
1170,151.82,152.9,150.54,151.91,ok,1566864000,245300
1171,152.42,153.03,149.99,150.89,ok,1566950400,232300
1172,154.01,154.92,153.12,153.79,ok,1567036800,310200
1173,153.14,155.78,152.26,154.68,ok,1567123200,398000
1174,152.42,154.95,152.05,153.1,ok,1567468800,427100
1175,153.47,154.48,152.66,153.37,ok,1567555200,311600
1176,153.49,155.13,153.24,154.1,ok,1567641600,550700
1177,152.34,154.68,152.34,153.67,ok,1567728000,346600
1178,147.58,153.66,145.34,153.24,ok,1567987200,532700
1179,145.26,146.98,142.82,146.86,ok,1568073600,586400
1180,145.07,147.29,142.84,145.47,ok,1568160000,541500
1181,144.6,147.39,144.39,145.72,ok,1568246400,533500
1182,143.73,145.31,142.69,143.91,ok,1568332800,749000
1183,147.01,147.2,142.69,142.69,ok,1568592000,381700
1184,146.01,148.67,145.0,147.04,ok,1568678400,373400
1185,145.92,146.26,144.56,146.08,ok,1568764800,267500
1186,146.46,147.23,145.46,146.0,ok,1568851200,507400
1187,145.85,148.78,145.63,147.25,ok,1568937600,522900
1188,148.25,149.66,145.5,145.86,ok,1569196800,362000
1189,146.07,150.33,145.5,149.42,ok,1569283200,331400
1190,147.39,147.85,144.62,145.5,ok,1569369600,290800
1191,149.09,149.17,146.06,147.78,ok,1569456000,275600
1192,143.64,149.2,142.78,149.15,ok,1569542400,412500
1193,146.3,147.32,143.74,143.74,ok,1569801600,351700
1194,147.67,148.47,145.0,146.15,ok,1569888000,389900
1195,143.56,146.85,142.27,146.4,ok,1569974400,522600
1196,145.99,146.11,140.9,144.09,ok,1570060800,480900
1197,149.0,149.31,146.12,147.14,ok,1570147200,515200
1198,149.37,150.57,148.13,149.07,ok,1570406400,418500
1199,147.11,148.55,145.0,148.31,ok,1570492800,366800
1200,148.07,150.19,146.57,148.6,ok,1570579200,284600
1201,145.0,147.63,144.83,147.39,ok,1570665600,408600
1202,146.73,148.58,145.67,146.44,ok,1570752000,373200
1203,146.99,147.37,146.11,146.88,ok,1571011200,184700
1204,146.85,147.7,146.25,147.11,ok,1571097600,287200
1205,146.0,146.6,144.7,146.6,ok,1571184000,352200
1206,148.09,148.24,146.22,147.17,ok,1571270400,308200
1207,145.76,148.17,144.66,147.45,ok,1571356800,232100
1208,146.71,147.13,144.2,145.91,ok,1571616000,368200
1209,143.96,147.49,143.8,146.75,ok,1571702400,691100
1210,139.17,144.57,131.41,139.63,ok,1571788800,1394900
1211,143.11,143.67,140.3,142.59,ok,1571875200,526600
1212,141.92,144.6,140.65,142.36,ok,1571961600,405600
1213,141.26,143.05,141.14,141.79,ok,1572220800,302900
1214,142.48,143.27,140.74,141.4,ok,1572307200,344500
1215,141.66,142.6,139.51,142.6,ok,1572393600,353600
1216,140.07,142.83,139.88,141.65,ok,1572480000,252200
1217,142.09,142.51,140.59,140.64,ok,1572566400,457000
1218,148.65,149.05,141.12,142.23,ok,1572825600,838200
1219,146.86,149.35,144.25,148.69,ok,1572912000,517600
1220,147.9,150.51,145.45,146.97,ok,1572998400,429500
1221,146.57,148.86,146.35,148.69,ok,1573084800,280200
1222,147.54,147.85,145.01,146.55,ok,1573171200,254900
1223,147.99,148.81,147.34,147.41,ok,1573430400,242000
1224,149.99,150.36,147.86,148.21,ok,1573516800,367600
1225,150.1,150.78,149.12,149.37,ok,1573603200,317800
1226,153.01,153.44,149.75,149.89,ok,1573689600,290900
1227,153.14,154.29,152.11,153.19,ok,1573776000,347000
1228,154.19,154.42,152.82,154.0,ok,1574035200,384700
1229,155.31,156.14,154.32,154.72,ok,1574121600,361200
1230,154.72,156.41,153.78,154.71,ok,1574208000,435500
1231,154.35,155.0,153.13,154.55,ok,1574294400,271100
1232,154.59,154.72,152.47,154.24,ok,1574380800,268600
1233,157.02,157.51,154.5,155.2,ok,1574640000,228600
1234,157.86,158.1,156.12,157.07,ok,1574726400,351200
1235,157.75,158.05,156.3,158.0,ok,1574812800,165600
1236,157.19,158.6,156.39,157.34,ok,1574985600,90900
1237,154.28,157.09,152.46,157.09,ok,1575244800,307700
1238,154.39,154.53,152.8,152.8,ok,1575331200,208400
1239,155.32,157.28,153.33,154.36,ok,1575417600,233400
1240,157.0,157.44,154.56,155.95,ok,1575504000,299000
1241,157.47,159.26,156.73,157.6,ok,1575590400,320300
1242,155.75,157.98,155.72,157.29,ok,1575849600,250000
1243,154.28,156.08,153.73,155.1,ok,1575936000,262500
1244,154.67,154.96,152.87,154.01,ok,1576022400,281300
1245,153.99,155.97,153.5,154.32,ok,1576108800,426300
1246,154.51,155.36,152.94,153.56,ok,1576195200,441300
1247,156.37,157.51,154.44,155.19,ok,1576454400,265300
1248,155.43,157.03,154.27,156.45,ok,1576540800,319500
1249,155.28,156.17,154.51,155.99,ok,1576627200,451000
1250,158.18,158.57,154.68,155.6,ok,1576713600,682600
1251,158.6,160.59,157.82,159.18,ok,1576800000,412200
1252,159.84,160.63,157.64,159.15,ok,1577059200,361000
1253,159.5,160.65,158.97,160.37,ok,1577145600,139700
1254,158.8,159.88,158.19,159.53,ok,1577318400,172800
1255,158.37,159.5,157.98,159.36,ok,1577404800,253100
1256,157.74,159.12,156.61,158.76,ok,1577664000,328300
1257,157.56,157.96,156.65,157.32,ok,1577750400,226300
1258,158.65,159.15,157.52,157.85,ok,1577923200,273800
1259,158.3,158.96,156.76,157.44,ok,1578009600,219500
1260,158.36,158.57,156.79,156.89,ok,1578268800,354300
1261,157.48,158.63,156.9,158.36,ok,1578355200,583200
1262,158.12,159.85,157.66,158.37,ok,1578441600,946800
1263,161.3,161.39,158.0,158.89,ok,1578528000,418800
1264,161.99,162.46,160.18,161.75,ok,1578614400,408900
1265,163.47,164.4,158.03,162.25,ok,1578873600,473800
1266,162.23,163.43,161.29,163.43,ok,1578960000,334100
1267,163.12,164.51,162.39,162.39,ok,1579046400,181700
1268,162.8,163.72,162.42,163.55,ok,1579132800,192300
1269,164.31,164.53,162.21,163.23,ok,1579219200,257300
1270,164.0,166.65,163.05,163.17,ok,1579564800,246900
1271,167.25,167.4,163.25,164.69,ok,1579651200,304800
1272,166.66,167.64,165.19,167.64,ok,1579737600,249900
1273,163.09,167.32,162.22,166.54,ok,1579824000,332600
1274,162.98,163.2,159.2,160.71,ok,1580083200,336100
1275,163.93,165.14,162.46,163.76,ok,1580169600,301900
1276,163.05,164.74,162.94,164.74,ok,1580256000,197700
1277,161.89,162.91,159.74,161.68,ok,1580342400,241100
1278,157.64,164.24,157.03,161.85,ok,1580428800,453900
1279,155.77,159.49,155.3,158.16,ok,1580688000,359000
1280,158.51,160.23,156.95,157.48,ok,1580774400,407800
1281,159.91,160.03,157.64,158.95,ok,1580860800,472500
1282,161.06,163.49,159.57,160.0,ok,1580947200,274200
1283,158.56,161.5,158.5,160.43,ok,1581033600,244700
1284,157.93,158.77,156.69,157.41,ok,1581292800,656300
1285,145.14,153.0,143.7,149.98,ok,1581379200,2468600
1286,147.75,148.13,144.33,146.0,ok,1581465600,1096400
1287,148.06,149.28,145.82,146.18,ok,1581552000,659300
1288,145.3,149.16,144.91,148.47,ok,1581638400,502000
1289,144.3,145.47,143.16,144.8,ok,1581984000,436400
1290,144.42,146.87,143.54,145.04,ok,1582070400,708800
1291,141.99,144.79,139.81,144.79,ok,1582156800,567700
1292,140.36,141.94,138.77,141.94,ok,1582243200,632100
1293,138.0,138.34,134.64,135.81,ok,1582502400,993000
1294,129.87,138.17,129.25,138.17,ok,1582588800,1266100
1295,131.47,133.53,129.92,130.3,ok,1582675200,952900
1296,121.72,131.0,121.53,128.4,ok,1582761600,1343900
1297,124.04,125.27,117.75,117.94,ok,1582848000,1169600
1298,127.15,127.48,123.37,124.88,ok,1583107200,1104600
1299,121.21,127.29,120.76,127.0,ok,1583193600,884700
1300,124.27,125.84,122.06,123.15,ok,1583280000,1060000
1301,109.96,121.72,109.29,121.31,ok,1583366400,1068000
1302,106.05,107.47,102.17,106.75,ok,1583452800,1459300
1303,97.98,102.32,97.19,99.35,ok,1583712000,1115700
1304,106.24,106.42,98.01,100.69,ok,1583798400,1597200
1305,98.18,104.0,94.77,100.12,ok,1583884800,822000
1306,85.57,93.79,85.29,91.13,ok,1583971200,2050400
1307,91.79,92.76,86.72,90.71,ok,1584057600,909700
1308,82.0,89.28,80.22,81.03,ok,1584316800,1160400
1309,80.94,87.8,76.19,83.44,ok,1584403200,1021800
1310,68.73,78.11,61.27,75.47,ok,1584489600,1658100
1311,77.51,80.33,62.11,67.27,ok,1584576000,1712900
1312,78.32,86.9,76.43,79.9,ok,1584662400,1529100
1313,74.07,80.67,72.81,77.67,ok,1584921600,1088000
1314,81.03,84.42,75.27,78.16,ok,1585008000,740600
1315,87.24,89.46,74.7,81.76,ok,1585094400,1429900
1316,93.58,98.52,87.18,88.46,ok,1585180800,1355200
1317,90.97,92.97,87.56,89.6,ok,1585267200,535000
1318,89.97,93.56,88.54,89.96,ok,1585526400,609900
1319,85.72,90.8,84.77,89.46,ok,1585612800,811900
1320,75.98,83.9,73.9,81.14,ok,1585699200,1142900
1321,77.33,79.34,75.0,75.7,ok,1585785600,1042000
1322,72.75,78.14,69.59,77.19,ok,1585872000,1154600
1323,82.71,84.27,77.07,77.07,ok,1586131200,1135000
1324,83.74,90.99,83.15,87.85,ok,1586217600,973200
1325,86.53,87.36,83.5,86.23,ok,1586304000,624100
1326,88.29,91.77,87.33,88.82,ok,1586390400,796600
1327,84.52,88.45,82.37,88.45,ok,1586736000,510100
1328,84.7,88.72,83.56,85.48,ok,1586822400,502600
1329,81.23,83.21,80.4,81.38,ok,1586908800,672400
1330,81.88,82.44,78.36,81.23,ok,1586995200,559400
1331,86.95,88.27,84.5,85.15,ok,1587081600,536800
1332,83.87,86.28,83.74,85.18,ok,1587340800,579300
1333,79.53,83.38,78.0,81.84,ok,1587427200,559100
1334,81.95,83.54,80.99,82.15,ok,1587513600,828500
1335,82.82,85.5,82.33,83.61,ok,1587600000,421300
1336,83.2,84.2,81.55,83.43,ok,1587686400,371400
1337,87.39,88.16,83.57,83.64,ok,1587945600,557400
1338,89.82,91.82,87.59,88.15,ok,1588032000,1066600
1339,95.43,96.55,86.92,89.0,ok,1588118400,1355800
1340,91.76,95.27,90.49,95.27,ok,1588204800,927100
1341,90.69,91.5,88.87,90.05,ok,1588291200,875100
1342,89.68,90.41,88.19,89.09,ok,1588550400,436700
1343,88.83,92.14,88.63,90.82,ok,1588636800,705700
1344,88.21,90.17,86.29,89.25,ok,1588723200,525000
1345,90.0,92.65,89.46,89.5,ok,1588809600,541600
1346,92.41,93.07,90.09,91.18,ok,1588896000,429200
1347,89.26,91.71,89.16,91.05,ok,1589155200,478400
1348,85.06,90.27,84.95,90.16,ok,1589241600,513200
1349,80.55,84.46,78.62,84.46,ok,1589328000,949800
1350,80.28,81.94,75.64,79.32,ok,1589414400,585100
1351,81.77,82.34,78.87,79.68,ok,1589500800,369500
1352,90.72,91.29,84.25,85.1,ok,1589760000,587200
1353,90.13,91.65,88.75,90.54,ok,1589846400,577900
1354,94.22,95.27,91.15,91.15,ok,1589932800,636400
1355,92.42,94.79,92.36,93.26,ok,1590019200,363800
1356,91.59,92.42,90.84,92.15,ok,1590105600,266500
1357,95.91,97.92,93.79,95.52,ok,1590451200,958600
1358,101.15,102.07,97.76,97.76,ok,1590537600,786300
1359,95.56,102.29,94.85,101.53,ok,1590624000,492300
1360,94.73,96.38,93.19,94.68,ok,1590710400,531400
