,c,h,l,o,s,t,v
0,16.6625,16.6625,16.6525,16.6525,ok,1435708800,4200
1,16.129,16.139,16.129,16.139,ok,1436140800,4200
2,15.4704,15.4704,15.4704,15.4704,ok,1438819200,300
3,15.3189,15.3189,15.3189,15.3189,ok,1439424000,300
4,15.0028,15.0028,15.0028,15.0028,ok,1443398400,100
5,16.2607,16.2607,16.2607,16.2607,ok,1445299200,1000
6,16.4188,16.4188,16.4188,16.4188,ok,1445817600,100
7,16.5834,16.5834,16.5834,16.5834,ok,1446422400,100
8,16.7612,16.7612,16.7612,16.7612,ok,1446595200,100
9,16.1534,16.1864,16.1064,16.1064,ok,1448841600,1464400
10,16.511,16.511,16.351,16.351,ok,1448928000,12800
11,16.2296,16.2396,16.2106,16.2106,ok,1449014400,2300
12,16.1558,16.1658,16.1048,16.1058,ok,1449187200,22600
13,15.8805,15.9205,15.8305,15.8605,ok,1449446400,79100
14,15.7999,15.7999,15.5999,15.5999,ok,1449532800,1500
15,15.7797,15.8897,15.7797,15.8297,ok,1449619200,1600
16,15.8005,15.8005,15.8005,15.8005,ok,1449705600,500
17,15.5461,15.5941,15.5461,15.5941,ok,1449792000,9700
18,15.6723,15.6723,15.5423,15.5623,ok,1450051200,3600
19,16.0792,16.1332,16.0792,16.1332,ok,1450224000,1300
20,15.9946,15.9946,15.9946,15.9946,ok,1450310400,800
21,15.9839,16.0699,15.9839,16.0699,ok,1450396800,1200
22,16.0215,16.0215,16.0215,16.0215,ok,1450656000,400
23,16.102,16.102,16.102,16.102,ok,1450742400,300
24,16.3451,16.3451,16.3451,16.3451,ok,1450828800,600
25,16.1974,16.1974,16.1974,16.1974,ok,1450915200,400
26,15.9369,15.9369,15.8869,15.9269,ok,1451260800,8900
27,16.0813,16.0833,16.0013,16.0213,ok,1451347200,3900
28,15.9844,15.9844,15.9064,15.9064,ok,1451433600,5100
29,15.5294,15.5294,15.5294,15.5294,ok,1452038400,700
30,15.2346,15.3966,15.2346,15.3366,ok,1452124800,15900
31,15.3899,15.3929,15.3059,15.3659,ok,1452556800,2900
32,15.4971,15.5371,15.4971,15.5371,ok,1452643200,5500
33,15.5232,15.5232,15.5232,15.5232,ok,1452729600,300
34,15.3459,15.3459,15.3459,15.3459,ok,1453161600,300
35,15.1054,15.1054,14.8254,14.8454,ok,1453334400,85300
36,15.2153,15.2753,15.2153,15.2553,ok,1453420800,400
37,15.2566,15.2566,15.2566,15.2566,ok,1453680000,20900
38,15.2696,15.2706,15.1606,15.1606,ok,1453766400,2300
39,15.2841,15.2841,15.2841,15.2841,ok,1453852800,100
40,15.3122,15.3312,15.2112,15.2812,ok,1453939200,1301100
41,15.5521,15.5521,15.5521,15.5521,ok,1454025600,100
42,15.4627,15.4627,15.3927,15.4627,ok,1454284800,2200
43,15.2222,15.2222,15.2222,15.2222,ok,1454371200,100
44,15.2566,15.2566,14.9166,14.9166,ok,1454457600,4600
45,15.4421,15.4421,15.4421,15.4421,ok,1454544000,100
46,15.4421,15.4751,15.4421,15.4751,ok,1454630400,700
47,15.3116,15.3116,15.3116,15.3116,ok,1454889600,700
48,15.0092,15.0092,15.0092,15.0092,ok,1454976000,100
49,15.2634,15.2634,15.2634,15.2634,ok,1455062400,100
50,15.0607,15.0607,14.8857,14.8857,ok,1455235200,400
51,15.236,15.326,15.226,15.246,ok,1455580800,18600
52,15.6036,15.6036,15.5886,15.5886,ok,1455667200,300
53,15.5108,15.5708,15.5108,15.5708,ok,1455753600,300
54,15.4971,15.5071,15.4571,15.5071,ok,1455840000,6300
55,15.6565,15.6565,15.6145,15.6145,ok,1456099200,900
56,15.6077,15.6077,15.5967,15.5967,ok,1456185600,1000
57,15.3803,15.3903,15.3803,15.3903,ok,1456272000,200
58,15.6146,15.6146,15.4936,15.4936,ok,1456358400,2000
59,15.5191,15.5871,15.5191,15.5871,ok,1456444800,900
60,15.5177,15.5177,15.5177,15.5177,ok,1456704000,100
61,15.8469,15.8469,15.8179,15.8179,ok,1456876800,400
62,15.9438,15.9638,15.9138,15.9138,ok,1456963200,800
63,15.7926,15.7926,15.7926,15.7926,ok,1457395200,2300
64,15.8648,15.8648,15.8498,15.8498,ok,1457481600,1100
65,16.2111,16.2521,16.1221,16.1421,ok,1457654400,14600
66,16.1081,16.1081,16.0391,16.0991,ok,1457913600,6700
67,16.0764,16.0764,16.0534,16.0534,ok,1458000000,2200
68,16.0675,16.0675,16.0675,16.0675,ok,1458086400,100
69,16.2153,16.2503,15.2903,16.1403,ok,1458172800,20500
70,16.3561,16.3561,16.3561,16.3561,ok,1458259200,100
71,16.2324,16.3324,16.2324,16.3124,ok,1458777600,19200
72,16.3905,16.3905,16.3405,16.3405,ok,1459209600,400
73,16.4833,16.5183,16.4583,16.5183,ok,1459296000,1600
74,16.3493,16.3493,16.3493,16.3493,ok,1459382400,100
75,16.1156,16.1156,16.0856,16.0856,ok,1459468800,800
76,16.1087,16.2687,16.1087,16.2687,ok,1459728000,200
77,15.9369,15.9369,15.9369,15.9369,ok,1459814400,1100
78,16.0648,16.0658,16.0488,16.0588,ok,1459900800,2500
79,16.0881,16.0881,16.0881,16.0881,ok,1460332800,100
80,16.3561,16.3561,16.3561,16.3561,ok,1460505600,1300
81,16.4627,16.4627,16.4477,16.4477,ok,1460592000,200
82,16.4524,16.4524,16.4224,16.4224,ok,1461024000,200
83,16.4798,16.4798,16.3498,16.3698,ok,1461196800,3600
84,16.1294,16.1294,16.1294,16.1294,ok,1462147200,100
85,15.882,15.902,15.882,15.902,ok,1462492800,600
86,16.005,16.005,16.003,16.003,ok,1463011200,1000
87,15.84,15.84,15.84,15.84,ok,1463097600,100
88,15.8778,15.8778,15.8538,15.8538,ok,1463356800,700
89,15.7308,15.7308,15.7308,15.7308,ok,1463443200,700
90,15.717,15.717,15.717,15.717,ok,1463529600,500
91,16.1294,16.1294,16.0494,16.0494,ok,1464825600,200
92,16.3396,16.3396,16.3396,16.3396,ok,1465516800,100
93,15.9782,15.9782,15.9782,15.9782,ok,1465862400,100
94,16.2455,16.2455,16.2365,16.2365,ok,1466553600,400
95,16.4249,16.4249,16.3449,16.3449,ok,1466640000,700
96,15.9163,15.9163,15.9063,15.9063,ok,1466726400,1000
97,15.8648,15.8648,15.8648,15.8648,ok,1467072000,1000
98,16.2902,16.2902,16.2662,16.2662,ok,1467676800,600
99,16.2902,16.2902,16.2902,16.2902,ok,1467763200,200
100,16.0675,16.0675,16.0675,16.0675,ok,1467849600,800
101,16.6585,16.6585,16.6585,16.6585,ok,1468800000,100
102,16.528,16.528,16.528,16.528,ok,1469059200,400
103,16.7066,16.7566,16.6766,16.7266,ok,1469491200,4500
104,16.7066,16.7066,16.7066,16.7066,ok,1469577600,500
105,16.5829,16.5829,16.5829,16.5829,ok,1469664000,100
106,16.7066,16.7666,16.7066,16.7466,ok,1470009600,3000
107,16.5135,16.5135,16.5135,16.5135,ok,1470182400,200
108,16.8159,16.8159,16.8159,16.8159,ok,1470355200,200
109,17.064,17.065,16.914,16.914,ok,1470873600,500
110,17.0083,17.0083,17.0083,17.0083,ok,1471305600,800
111,17.0296,17.0296,16.9596,16.9596,ok,1471392000,1200
112,17.1946,17.1946,17.1546,17.1546,ok,1471996800,300
113,17.1052,17.1052,17.1052,17.1052,ok,1472083200,100
114,17.1808,17.1808,17.0908,17.0908,ok,1472428800,4900
115,17.1396,17.2196,17.1396,17.2096,ok,1472515200,5400
116,17.0111,17.0111,17.0111,17.0111,ok,1472688000,400
117,17.119,17.139,17.109,17.129,ok,1472774400,3100
118,17.119,17.119,17.119,17.119,ok,1473120000,100
119,16.9472,17.1272,16.9272,17.1272,ok,1473379200,14600
120,16.8716,16.8716,16.8716,16.8716,ok,1473638400,100
121,16.6585,16.7185,16.6485,16.7145,ok,1473724800,500
122,16.6585,16.9285,16.6585,16.9185,ok,1473811200,1100
123,16.8372,16.8372,16.7672,16.7672,ok,1473897600,1100
124,16.7547,16.8247,16.7547,16.8247,ok,1473984000,300
125,16.8028,17.0028,16.8028,16.9428,ok,1474243200,5100
126,17.0159,17.0259,17.0159,17.0259,ok,1474416000,200
127,17.3114,17.3214,17.3014,17.3014,ok,1474502400,3000
128,17.2633,17.2633,17.2633,17.2633,ok,1475020800,100
129,17.3664,17.3664,17.3364,17.3364,ok,1475625600,4000
130,17.3664,17.3664,17.3664,17.3664,ok,1475712000,88100
131,17.387,17.387,17.387,17.387,ok,1476057600,25000
132,16.9953,17.0053,16.9953,17.0053,ok,1476144000,5000
133,17.0434,17.0434,16.9434,16.9434,ok,1476230400,700
134,16.9472,17.0972,16.9372,17.0872,ok,1476403200,20100
135,17.2495,17.2495,17.1895,17.1895,ok,1476748800,55100
136,17.3183,17.3183,17.1283,17.1983,ok,1476835200,26800
137,17.0846,17.1216,17.0846,17.1216,ok,1477612800,800
138,16.851,16.851,16.771,16.8109,ok,1478044800,500
139,16.8716,16.8816,16.8516,16.8716,ok,1478131200,2700
140,17.1052,17.1052,17.0252,17.0252,ok,1478476800,200
141,17.064,17.064,17.064,17.064,ok,1478563200,200
142,16.741,16.741,16.731,16.731,ok,1478736000,200
143,16.851,16.8909,16.851,16.8909,ok,1480550400,800
144,16.7954,16.7954,16.7954,16.7954,ok,1480636800,100
145,17.3044,17.3744,17.3044,17.3744,ok,1481500800,400
146,17.6982,17.7082,17.6982,17.7082,ok,1483574400,1200
147,17.8545,17.8545,17.8175,17.8175,ok,1483660800,400
148,18.1022,18.1022,18.1022,18.1022,ok,1484697600,600
149,17.9718,18.1418,17.9718,18.0918,ok,1484784000,15900
150,17.9718,18.1118,17.9618,18.1118,ok,1484870400,13500
151,18.0943,18.0943,18.0943,18.0943,ok,1485129600,1000
152,18.2527,18.2627,18.2227,18.2327,ok,1485302400,14000
153,18.3607,18.4107,18.3507,18.3507,ok,1485388800,1200
154,18.0727,18.2227,18.0226,18.2227,ok,1485734400,21500
155,18.2023,18.2023,18.2023,18.2023,ok,1485820800,100
156,18.3391,18.3591,18.2991,18.3391,ok,1485907200,5100
157,18.2743,18.2943,18.2643,18.2943,ok,1486339200,2900
158,18.3607,18.3807,18.2407,18.2607,ok,1486598400,5000
159,18.2887,18.2887,18.2287,18.2287,ok,1486944000,5400
160,18.1951,18.1951,18.1651,18.1951,ok,1487203200,7800
161,18.5047,18.5147,18.4947,18.4947,ok,1487808000,1400
162,18.2239,18.2239,18.2239,18.2239,ok,1488240000,200
163,18.3895,18.4595,18.3895,18.4595,ok,1488931200,37100
164,18.3175,18.3475,18.3175,18.3275,ok,1489017600,11000
165,18.6127,18.6127,18.5127,18.5527,ok,1489363200,13200
166,18.7207,18.7407,18.6867,18.6867,ok,1489449600,1000
167,18.8791,18.9091,18.8691,18.9091,ok,1489622400,6600
168,19.1383,19.1383,19.1383,19.1383,ok,1490140800,400
169,18.9583,18.9583,18.9583,18.9583,ok,1490572800,200
170,19.0015,19.0015,19.0015,19.0015,ok,1490659200,100
171,18.9439,18.9439,18.9439,18.9439,ok,1490918400,600
172,18.8863,18.8863,18.8863,18.8863,ok,1491436800,100
173,18.8431,18.8431,18.8431,18.8431,ok,1491782400,1200
174,18.7639,18.7639,18.7539,18.7539,ok,1492387200,1000
175,18.6559,18.6559,18.6559,18.6559,ok,1492473600,800
176,18.7963,18.7963,18.7963,18.7963,ok,1492646400,500
177,19.5055,19.5055,19.5055,19.5055,ok,1493596800,400
178,19.7359,19.7359,19.7359,19.7359,ok,1493856000,400
179,19.6279,19.6279,19.6279,19.6279,ok,1493942400,100
180,20.2687,20.2687,20.2287,20.2287,ok,1494201600,1300
181,20.5006,20.5006,20.3386,20.3386,ok,1494288000,600
182,20.1319,20.1519,20.0959,20.1519,ok,1494374400,6200
183,20.3047,20.3047,20.3047,20.3047,ok,1494460800,100
184,20.2457,20.2677,20.2457,20.2677,ok,1494806400,600
185,20.2111,20.2111,20.2111,20.2111,ok,1494979200,700
186,20.2759,20.2759,20.1659,20.1759,ok,1495065600,4100
187,20.3695,20.3695,20.3195,20.3295,ok,1495152000,18000
188,20.4703,20.5103,20.4503,20.5103,ok,1495411200,8100
189,20.5279,20.5279,20.5279,20.5279,ok,1495584000,400
190,20.8231,20.8231,20.7831,20.8031,ok,1496188800,400
191,20.9384,20.9384,20.9384,20.9384,ok,1496361600,100
192,20.9672,20.9672,20.9672,20.9672,ok,1497484800,200
193,21.0327,21.2017,21.0327,21.2017,ok,1498694400,1000
194,21.4708,21.4708,21.4708,21.4708,ok,1499904000,300
195,21.5105,21.5105,21.5105,21.5105,ok,1499990400,200
196,21.6412,21.7602,21.6412,21.7602,ok,1500249600,500
197,21.678,21.896,21.678,21.896,ok,1500422400,700
198,21.8714,22.0314,21.8714,22.0314,ok,1500508800,600
199,21.922,21.922,21.922,21.922,ok,1500595200,500
200,22.0014,22.0014,22.0014,22.0014,ok,1500854400,300
201,21.7848,22.0648,21.7748,22.0648,ok,1500940800,1700
202,21.6946,21.7476,21.6946,21.7476,ok,1501027200,1600
203,21.3142,21.3142,21.3142,21.3142,ok,1501459200,200
204,21.3142,21.3142,21.3142,21.3142,ok,1501545600,100
205,21.1294,21.1294,21.0674,21.1064,ok,1501718400,2800
206,21.46,21.46,21.46,21.46,ok,1502150400,200
207,20.9764,20.9764,20.9764,20.9764,ok,1502236800,200
208,21.0117,21.1027,21.0117,21.1027,ok,1502668800,600
209,20.9619,20.9619,20.9619,20.9619,ok,1502841600,400
210,21.1207,21.1207,21.1207,21.1207,ok,1503273600,200
211,21.2348,21.2348,21.1468,21.1468,ok,1503619200,1300
212,20.998,21.095,20.998,21.008,ok,1504137600,400
213,20.6227,20.8927,20.6227,20.8927,ok,1504569600,900
214,20.7093,20.7093,20.7093,20.7093,ok,1504656000,100
215,20.8609,20.8609,20.8609,20.8609,ok,1504742400,300
216,21.2074,21.2074,21.2074,21.2074,ok,1505347200,200
217,21.4311,21.4311,21.4301,21.4301,ok,1506470400,7000
218,21.9436,22.0936,21.8536,21.8536,ok,1507161600,5500
219,21.9364,21.9464,21.9364,21.9464,ok,1507248000,1600
220,22.5211,22.5811,22.3111,22.3111,ok,1507852800,500
221,22.2901,22.2901,22.2901,22.2901,ok,1508112000,300
222,22.3623,22.3623,22.3623,22.3623,ok,1508198400,6800
223,22.42,22.56,22.42,22.56,ok,1508889600,1700
224,23.1087,23.1087,23.1087,23.1087,ok,1509926400,200
225,22.7838,23.1598,22.7838,23.1598,ok,1510012800,6600
226,23.0451,23.0451,22.9751,22.9751,ok,1510099200,200
227,22.8264,22.9134,22.8264,22.9134,ok,1510185600,600
228,22.7954,22.7954,22.7394,22.7394,ok,1510531200,300
229,22.9542,22.9542,22.9542,22.9542,ok,1510790400,1500
230,22.9181,22.9181,22.9181,22.9181,ok,1510876800,200
231,23.0018,23.0018,23.0018,23.0018,ok,1511136000,300
232,22.9325,22.9325,22.9325,22.9325,ok,1511481600,200
233,22.5427,22.5427,22.5427,22.5427,ok,1511740800,200
234,22.2482,22.2482,22.2482,22.2482,ok,1512518400,100
235,22.1674,22.1674,22.1674,22.1674,ok,1513036800,1200
236,22.3551,22.4251,22.3551,22.4251,ok,1513209600,1400
237,21.9581,21.9581,21.9581,21.9581,ok,1514246400,300
238,22.4515,22.4515,22.4515,22.4515,ok,1514419200,200
239,22.8833,22.8833,22.8833,22.8833,ok,1514937600,100
240,23.0228,23.0228,23.0228,23.0228,ok,1515542400,200
241,23.0428,23.0428,23.0428,23.0428,ok,1515628800,100
242,23.4501,23.4501,23.4501,23.4501,ok,1516060800,200
243,23.275,23.295,23.275,23.295,ok,1516147200,2700
244,23.1266,23.2966,23.1266,23.2966,ok,1516233600,400
245,23.1118,23.1118,23.0418,23.0418,ok,1516579200,1400
246,23.2943,23.2943,23.2943,23.2943,ok,1516665600,400
247,23.2654,23.3214,23.2084,23.3214,ok,1516752000,1300
248,23.2305,23.4105,23.2305,23.4105,ok,1516838400,1300
249,23.6534,23.6534,23.3134,23.3134,ok,1516924800,1900
250,23.5562,23.5562,23.5562,23.5562,ok,1517356800,200
251,22.8299,22.8299,22.8299,22.8299,ok,1517529600,200
252,22.5257,22.6157,22.5257,22.6157,ok,1517788800,300
253,22.6065,22.6475,22.4475,22.4475,ok,1517875200,700
254,22.1309,22.1309,22.1309,22.1309,ok,1517961600,200
255,21.6502,21.6502,21.5402,21.5402,ok,1518048000,200
256,21.1456,21.1456,21.1456,21.1456,ok,1518134400,300
257,22.5101,22.5101,22.5101,22.5101,ok,1518652800,300
258,22.5034,22.5134,22.5034,22.5134,ok,1519344000,800
259,22.5924,22.5924,22.5924,22.5924,ok,1519603200,200
260,21.9032,21.9032,21.9032,21.9032,ok,1519862400,200
261,22.266,22.266,22.266,22.266,ok,1520380800,300
262,22.3921,22.3921,22.3921,22.3921,ok,1520467200,400
263,22.9708,22.9708,22.8418,22.9098,ok,1520985600,1100
264,22.6444,22.6444,22.6444,22.6444,ok,1521417600,200
265,21.9722,22.7382,21.8892,22.7382,ok,1522108800,1800
266,22.3409,22.3409,22.3409,22.3409,ok,1523577600,600
267,22.8069,22.8069,22.7769,22.7769,ok,1524096000,600
268,22.444,22.444,22.443,22.443,ok,1524528000,1000
269,23.0153,23.0153,22.9853,23.0153,ok,1524787200,1800
270,22.8966,23.2946,22.8966,23.2866,ok,1525046400,5200
271,22.6666,22.7166,22.6666,22.7166,ok,1525305600,400
272,22.4715,22.4715,22.4715,22.4715,ok,1525392000,900
273,22.3402,22.6302,22.2602,22.2602,ok,1525651200,2200
274,22.5308,22.6138,22.5308,22.5478,ok,1525910400,700
275,22.4811,22.4811,22.4791,22.4791,ok,1526860800,600
276,22.3995,22.4795,22.3995,22.4025,ok,1527552000,500
277,21.9618,21.9918,21.9418,21.9818,ok,1527724800,7500
278,22.0805,22.0805,22.0805,22.0805,ok,1527811200,300
279,22.3224,22.3224,22.3224,22.3224,ok,1528761600,100
280,22.1027,22.5627,22.1027,22.5627,ok,1528848000,700
281,21.3014,21.3014,21.3014,21.3014,ok,1529971200,1800
282,21.294,21.294,21.294,21.294,ok,1530057600,1500
283,21.294,21.294,21.294,21.294,ok,1530489600,200
284,20.7206,20.7206,20.7206,20.7206,ok,1530835200,1700
285,21.0977,21.0977,21.0407,21.0977,ok,1531872000,2800
286,21.1475,21.1475,21.1475,21.1475,ok,1532044800,200
287,21.2234,21.2234,21.2234,21.2234,ok,1532649600,200
288,21.0553,21.0553,21.0553,21.0553,ok,1532908800,300
289,20.824,20.824,20.824,20.824,ok,1533168000,300
290,20.8745,20.8745,20.8745,20.8745,ok,1533513600,200
291,21.1118,21.1118,21.1118,21.1118,ok,1533600000,100
292,21.2189,21.2189,21.2189,21.2189,ok,1533772800,300
293,20.6722,20.8772,20.6722,20.8772,ok,1533859200,600
294,20.6217,20.6217,20.6217,20.6217,ok,1534118400,200
295,20.7503,20.7503,20.7503,20.7503,ok,1534204800,200
296,20.557,20.557,20.407,20.407,ok,1534464000,1500
297,21.2635,21.2635,21.2635,21.2635,ok,1535587200,400
298,21.033,21.033,21.033,21.033,ok,1536796800,200
299,21.6354,21.6354,21.6354,21.6354,ok,1537920000,300
300,21.7246,21.8146,21.3846,21.3846,ok,1538092800,1247300
301,21.5989,21.7649,21.4289,21.4289,ok,1538352000,34200
302,21.4271,21.4671,21.4271,21.4471,ok,1538438400,16000
303,21.3617,21.5997,21.3617,21.5997,ok,1538524800,500
304,20.8998,21.1888,20.8998,21.1888,ok,1538611200,1600
305,20.7206,20.8946,20.7206,20.8946,ok,1538697600,800
306,20.914,20.914,20.659,20.659,ok,1538956800,9700
307,20.699,20.908,20.628,20.908,ok,1539043200,700
308,20.4127,20.4127,20.4127,20.4127,ok,1539129600,300
309,19.8898,19.8898,19.8898,19.8898,ok,1539216000,400
310,20.0371,20.0371,19.9561,19.9561,ok,1539302400,400
311,19.9761,19.9761,19.9761,19.9761,ok,1539561600,200
312,20.0929,20.0929,19.8769,19.8769,ok,1539648000,4400
313,20.1851,20.1851,19.9251,19.9451,ok,1539734400,3000
314,19.9627,19.9627,19.9627,19.9627,ok,1539820800,200
315,19.9426,19.9426,19.8586,19.9186,ok,1539907200,1400
316,20.0066,20.0066,19.8326,19.8326,ok,1540166400,900
317,19.6206,19.6296,19.3796,19.6296,ok,1540252800,3000
318,19.0732,19.5972,19.0732,19.5972,ok,1540339200,4500
319,19.2614,19.4934,19.1934,19.2034,ok,1540425600,6700
320,18.856,18.973,18.749,18.973,ok,1540512000,2200
321,18.8612,19.0102,18.8092,19.0102,ok,1540771200,600
322,18.772,18.812,18.747,18.812,ok,1540857600,900
323,19.0152,19.0612,19.0152,19.0612,ok,1540944000,400
324,19.1662,19.1662,19.0762,19.1162,ok,1541030400,1600
325,19.419,19.639,19.289,19.579,ok,1541116800,5300
326,19.4867,19.4867,19.2967,19.3257,ok,1541376000,2400
327,19.486,19.486,19.446,19.446,ok,1541462400,500
328,19.7917,19.7917,19.6397,19.6397,ok,1541548800,1300
329,19.4704,19.6234,19.4704,19.6234,ok,1541635200,3100
330,19.1513,19.4113,19.1513,19.3553,ok,1541721600,1200
331,19.1811,19.3521,19.156,19.3521,ok,1541980800,1600
332,19.2495,19.4575,19.1895,19.1895,ok,1542067200,3700
333,19.1662,19.1872,19.0962,19.0962,ok,1542153600,700
334,19.5202,19.5202,19.0642,19.4332,ok,1542240000,4800
335,19.5306,19.5306,19.3406,19.3606,ok,1542326400,1300
336,19.1439,19.6439,19.1439,19.4339,ok,1542585600,6300
337,19.0219,19.2359,19.0219,19.2359,ok,1542672000,2600
338,19.2629,19.3159,19.1929,19.2029,ok,1542758400,3000
339,19.0278,19.2038,18.9538,18.9638,ok,1542931200,5800
340,19.3521,19.4381,19.2021,19.2621,ok,1543190400,4500
341,19.486,19.563,19.376,19.479,ok,1543276800,4000
342,19.8727,19.8727,19.3327,19.3327,ok,1543363200,1900
343,19.6481,19.6901,19.4501,19.5651,ok,1543449600,19500
344,19.3298,19.5308,19.2498,19.3598,ok,1543536000,260200
345,19.657,19.748,19.628,19.748,ok,1543795200,2300
346,19.4037,19.4307,19.2838,19.3918,ok,1543881600,1100
347,19.19,19.236,16.446,16.446,ok,1544054400,7500
348,18.9545,19.2525,18.8945,19.2015,ok,1544140800,3500
349,19.1179,19.2269,18.8239,19.2269,ok,1544400000,5100
350,19.0606,19.3136,18.8866,19.3136,ok,1544486400,36500
351,19.317,19.364,19.264,19.36,ok,1544572800,4200
352,19.3,19.464,19.254,19.417,ok,1544659200,9100
353,18.9467,19.1287,18.9467,19.1287,ok,1544745600,1800
354,18.9165,19.1465,18.8255,19.0935,ok,1545004800,5700
355,19.1202,19.1402,18.9562,19.0822,ok,1545091200,2300
356,18.9034,19.3474,18.6894,19.3474,ok,1545177600,5800
357,18.86,19.056,18.802,19.056,ok,1545264000,7800
358,18.8383,18.9443,18.8283,18.9083,ok,1545350400,6600
359,18.8135,18.9545,18.5855,18.5855,ok,1545609600,10800
360,19.0544,19.0544,18.4454,18.5454,ok,1545782400,12700
361,19.049,19.049,18.707,18.89,ok,1545868800,8000
362,19.1118,19.2088,18.9688,19.2088,ok,1545955200,9800
363,18.9539,19.1419,18.9319,19.1419,ok,1546214400,4200
364,18.7645,18.8935,18.6575,18.7915,ok,1546387200,281500
365,18.5257,18.9587,18.4987,18.9587,ok,1546473600,1700
366,18.9775,18.9775,18.5355,18.5355,ok,1546560000,4700
367,19.1111,19.1111,19.0161,19.0161,ok,1546819200,2500
368,18.9193,19.1613,18.7813,19.1613,ok,1546905600,6400
369,19.4018,19.5198,19.0698,19.0698,ok,1546992000,1500
370,19.3295,19.4035,19.0995,19.0995,ok,1547078400,3000
371,19.3845,19.5125,19.3245,19.3245,ok,1547164800,38400
372,19.2871,19.4011,19.1811,19.2871,ok,1547424000,4400
373,19.5935,19.6045,19.4175,19.4175,ok,1547510400,1200
374,19.885,19.898,19.578,19.578,ok,1547596800,3500
375,19.9227,19.9477,19.7177,19.7817,ok,1547683200,3100
376,20.1137,20.1137,19.9957,20.0457,ok,1547769600,2800
377,19.6752,19.9552,19.6452,19.7772,ok,1548115200,12900
378,19.9392,20.0832,19.8132,20.0732,ok,1548201600,3600
379,20.248,20.339,20.069,20.179,ok,1548288000,4900
380,20.5003,20.6703,20.4503,20.5583,ok,1548374400,12500
381,20.45,20.554,20.244,20.244,ok,1548633600,5200
382,20.5592,20.6742,20.5242,20.5242,ok,1548720000,1300
383,20.9953,20.9953,20.7053,20.7053,ok,1548806400,900
384,20.9497,21.0777,20.8177,20.9377,ok,1548892800,5800
385,20.8531,20.8531,20.8441,20.8441,ok,1548979200,400
386,20.846,21.011,20.846,21.005,ok,1549238400,1400
387,21.1941,21.1971,20.9701,20.9701,ok,1549324800,2300
388,21.1194,21.2404,21.0314,21.2404,ok,1549411200,1400
389,20.8232,20.8772,20.6622,20.8772,ok,1549497600,3600
390,20.4956,20.4956,20.3506,20.4236,ok,1549584000,1100
391,20.604,20.61,20.462,20.483,ok,1549843200,2800
392,20.7407,20.7687,20.6347,20.7687,ok,1549929600,2400
393,20.736,20.736,20.646,20.656,ok,1550016000,1800
394,20.8397,20.9097,20.6777,20.6777,ok,1550102400,2600
395,20.7847,20.7847,20.6327,20.6777,ok,1550188800,1200
396,20.8028,20.8398,20.4878,20.4878,ok,1550534400,1600
397,20.9529,20.9529,20.8369,20.9079,ok,1550620800,2200
398,20.9057,20.9197,20.7697,20.7807,ok,1550707200,2500
399,21.0629,21.0629,20.9119,20.9119,ok,1550793600,200
400,21.0236,21.1326,21.0206,21.1326,ok,1551052800,600
401,20.9764,20.9944,20.9764,20.9944,ok,1551139200,700
402,20.9811,20.9811,20.9301,20.9301,ok,1551225600,800
403,20.6692,20.6692,20.4942,20.4942,ok,1551312000,1600
404,20.6566,20.7476,20.5526,20.7476,ok,1551398400,5300
405,20.461,20.471,20.433,20.471,ok,1551657600,2000
406,20.4688,20.4828,20.4298,20.4828,ok,1551744000,1600
407,20.4547,20.4817,20.4227,20.4557,ok,1551830400,2000
408,20.1585,20.4935,20.0985,20.4935,ok,1551916800,5000
409,20.1231,20.1231,19.7931,19.7931,ok,1552003200,4200
410,20.1231,20.1231,20.0141,20.0141,ok,1552262400,3000
411,20.2253,20.2953,20.2253,20.2953,ok,1552348800,800
412,20.1545,20.1545,20.0045,20.1285,ok,1552435200,1700
413,20.0964,20.1704,20.0004,20.1704,ok,1552521600,4800
414,20.4295,20.4295,20.3245,20.3255,ok,1552608000,9400
415,20.4374,20.4374,20.3644,20.3644,ok,1552867200,800
416,20.4382,20.4672,20.4382,20.4672,ok,1552953600,500
417,20.402,20.402,20.332,20.332,ok,1553040000,700
418,20.5545,20.5545,20.4575,20.4575,ok,1553126400,8600
419,20.2873,20.3663,20.2873,20.3663,ok,1553212800,700
420,20.2928,20.4068,20.2368,20.3028,ok,1553472000,3000
421,20.1537,20.1947,20.1537,20.1947,ok,1553558400,1300
422,20.0406,20.1436,19.9156,20.1436,ok,1553644800,2800
423,20.0917,20.0917,20.0117,20.0217,ok,1553731200,1400
424,20.1828,20.1828,20.1818,20.1818,ok,1553817600,400
425,20.494,20.52,20.44,20.44,ok,1554076800,800
426,20.4657,20.4727,20.4657,20.4727,ok,1554163200,400
427,20.8499,20.8919,20.6949,20.6949,ok,1554249600,2500
428,20.8743,20.8833,20.8743,20.8833,ok,1554336000,200
429,20.9544,20.9964,20.8964,20.9574,ok,1554422400,1500
430,20.9246,20.9246,20.8676,20.8676,ok,1554681600,500
431,20.8539,20.8839,20.7839,20.8789,ok,1554768000,4300
432,20.9937,21.0147,20.8857,20.8857,ok,1554854400,3300
433,20.9285,20.9825,20.8335,20.9825,ok,1554940800,2100
434,21.1069,21.1339,20.9449,20.9549,ok,1555027200,6900
435,21.0409,21.0409,20.9869,20.9869,ok,1555286400,400
436,21.2349,21.2949,21.0399,21.0399,ok,1555372800,1000
437,21.1996,21.1996,21.1996,21.1996,ok,1555459200,100
438,20.9191,20.9191,20.9001,20.9001,ok,1555545600,800
439,20.9191,20.9191,20.8361,20.9081,ok,1555891200,2200
440,21.0031,21.0251,20.6831,20.9331,ok,1555977600,1006600
441,20.7328,20.9268,20.6668,20.9268,ok,1556064000,1000
442,20.7517,20.7517,20.6617,20.6617,ok,1556150400,1400
443,20.5828,20.6478,20.5828,20.6478,ok,1556236800,400
444,20.8939,20.9149,20.8429,20.8459,ok,1556496000,800
445,20.7871,20.8291,20.7551,20.7551,ok,1556582400,600
446,20.5836,20.8676,20.5836,20.8486,ok,1556668800,1300
447,20.7438,20.8118,20.7038,20.8118,ok,1556755200,600
448,20.7871,20.7871,20.6921,20.7221,ok,1556841600,700
449,20.3965,20.4785,20.3965,20.4785,ok,1557100800,700
450,20.1985,20.4225,20.1595,20.4225,ok,1557187200,700
451,20.3038,20.4038,20.3038,20.4038,ok,1557273600,3500
452,19.7766,19.8376,19.5576,19.8376,ok,1557360000,2600
453,19.7019,19.7879,19.5279,19.7879,ok,1557446400,1500
454,19.1488,19.3088,19.1488,19.2688,ok,1557705600,3300
455,19.5369,19.5489,19.3129,19.3129,ok,1557792000,700
456,19.6124,19.6124,19.5024,19.5024,ok,1557878400,2000
457,19.3759,19.6069,19.3169,19.6069,ok,1557964800,400
458,19.1645,19.1645,19.1345,19.1345,ok,1558051200,600
459,19.115,19.198,19.115,19.198,ok,1558310400,1300
460,19.3727,19.3727,19.3477,19.3477,ok,1558396800,100
461,19.3177,19.3177,19.2627,19.2727,ok,1558483200,1800
462,19.1794,19.1794,19.1084,19.1084,ok,1558569600,200
463,19.192,19.247,19.192,19.247,ok,1558656000,300
464,19.1998,19.1998,19.1998,19.1998,ok,1559001600,100
465,19.0718,19.1898,18.9998,19.1898,ok,1559088000,3100
466,19.2328,19.2328,19.2158,19.2158,ok,1559174400,200
467,19.2234,19.2284,19.0884,19.2284,ok,1559260800,2300
468,19.4073,19.4073,19.4073,19.4073,ok,1559520000,100
469,19.5189,19.5189,19.3879,19.3879,ok,1559606400,400
470,19.4159,19.4159,19.4159,19.4159,ok,1559692800,200
471,19.4615,19.4615,19.4615,19.4615,ok,1559779200,100
472,19.6304,19.6974,19.4974,19.4974,ok,1559865600,1600
473,19.8324,19.8324,19.8324,19.8324,ok,1560124800,100
474,19.907,19.907,19.85,19.85,ok,1560211200,200
475,19.7829,19.9359,19.6759,19.9359,ok,1560297600,1300
476,19.6713,19.7363,19.6713,19.7363,ok,1560384000,1400
477,19.6116,19.6526,19.4726,19.6526,ok,1560470400,1300
478,19.6823,19.6823,19.6823,19.6823,ok,1560729600,100
479,19.9463,19.9463,19.8913,19.8913,ok,1560816000,1300
480,20.0265,20.0595,19.8945,19.9595,ok,1560902400,4100
481,20.098,20.16,20.098,20.11,ok,1560988800,1400
482,20.2158,20.2158,20.2158,20.2158,ok,1561680000,100
483,20.2056,20.2056,20.2056,20.2056,ok,1561939200,100
484,19.8966,20.0206,19.8106,20.0206,ok,1562112000,1600
485,19.7755,19.8935,19.7135,19.8835,ok,1562284800,2900
486,19.5774,19.7054,19.5774,19.6974,ok,1562544000,2400
487,19.4854,19.5024,19.3524,19.3524,ok,1562630400,2100
488,19.6835,19.6915,19.6835,19.6915,ok,1562716800,100
489,19.6057,19.6887,19.6057,19.6887,ok,1562803200,100
490,19.7936,19.7936,19.7936,19.7936,ok,1562889600,100
491,19.8211,19.8211,19.8151,19.8151,ok,1563235200,200
492,19.7189,19.8289,19.6889,19.8289,ok,1563321600,2900
493,19.7936,19.7936,19.7936,19.7936,ok,1563494400,100
494,19.9862,19.9862,19.6862,19.6862,ok,1563753600,300
495,19.9705,19.9975,19.9105,19.9975,ok,1563840000,600
496,19.5066,19.6466,19.5066,19.6466,ok,1564358400,700
497,19.4202,19.4202,19.4202,19.4202,ok,1564444800,600
498,19.2708,19.4008,19.1908,19.3508,ok,1564531200,3000
499,19.1568,19.5098,19.1568,19.5018,ok,1564617600,3800
500,18.9917,19.1367,18.9917,19.1367,ok,1564704000,3100
501,18.3941,18.6291,18.3091,18.6291,ok,1564963200,3100
502,18.4374,18.4374,18.4374,18.4374,ok,1565049600,800
503,18.4429,18.4429,18.0859,18.0959,ok,1565136000,2900
504,18.5246,18.5386,18.4636,18.4836,ok,1565222400,1400
505,18.5301,18.5301,18.5301,18.5301,ok,1565308800,100
506,18.5348,18.7608,18.5348,18.7608,ok,1565568000,400
507,18.593,18.593,18.593,18.593,ok,1565654400,800
508,18.2487,18.2887,18.1387,18.2387,ok,1565740800,1700
509,18.3839,18.3839,18.3839,18.3839,ok,1565827200,300
510,18.4767,18.4767,18.4167,18.4167,ok,1565913600,900
511,18.4727,18.4737,18.4727,18.4737,ok,1566172800,200
512,18.696,18.696,18.557,18.557,ok,1566259200,500
513,18.8108,18.8108,18.6858,18.6858,ok,1566345600,1300
514,18.5812,18.8082,18.5812,18.8082,ok,1566432000,200
515,18.457,18.457,18.432,18.432,ok,1566518400,200
516,18.5396,18.5396,18.5396,18.5396,ok,1566777600,100
517,18.4334,18.4334,18.4334,18.4334,ok,1566864000,100
518,18.6591,18.6591,18.6591,18.6591,ok,1566950400,100
519,18.6874,18.7394,18.6304,18.6624,ok,1567036800,1400
520,18.8776,18.8776,18.8776,18.8776,ok,1567123200,100
521,18.836,18.851,18.832,18.851,ok,1567468800,400
522,19.0876,19.0876,19.0876,19.0876,ok,1567555200,100
523,19.314,19.334,19.299,19.299,ok,1567641600,1500
524,19.3061,19.3061,19.3061,19.3061,ok,1567728000,100
525,19.4202,19.4202,19.4202,19.4202,ok,1567987200,100
526,19.6167,19.6167,19.5867,19.5867,ok,1568073600,200
527,19.8888,19.8888,19.8228,19.8228,ok,1568678400,300
528,19.998,19.998,19.998,19.998,ok,1568937600,200
529,20.1144,20.1414,19.9914,20.1414,ok,1569196800,1900
530,19.8982,19.8982,19.8702,19.8702,ok,1569369600,100
531,19.5467,19.6857,19.5337,19.6857,ok,1569542400,1100
532,19.4752,19.5052,19.4052,19.5052,ok,1569974400,1300
533,19.5994,19.5994,19.3914,19.3914,ok,1570060800,200
534,19.4893,19.5113,19.4893,19.4913,ok,1570406400,800
535,19.6788,19.8998,19.6788,19.8998,ok,1570492800,300
536,19.8314,19.8484,19.8314,19.8384,ok,1571011200,800
537,20.1781,20.1781,20.0891,20.0891,ok,1571184000,100
538,20.1404,20.1494,20.1404,20.1494,ok,1571270400,100
539,19.8919,19.8919,19.8219,19.8219,ok,1571356800,2100
540,20.2834,20.2834,20.1954,20.1954,ok,1571702400,500
541,20.5995,20.6095,20.2195,20.6095,ok,1572566400,4500
542,20.9148,20.9438,20.9148,20.9438,ok,1573084800,400
543,20.5956,20.6306,20.5826,20.5826,ok,1573516800,900
544,20.5995,20.5995,20.5295,20.5595,ok,1573603200,2200
545,20.9297,20.9297,20.7997,20.7997,ok,1574035200,700
546,20.8354,20.8534,20.7554,20.8534,ok,1574121600,3700
547,20.5759,20.7259,20.5159,20.7259,ok,1574208000,2600
548,20.4265,20.4265,20.3865,20.3865,ok,1574380800,300
549,20.6231,20.6231,20.3431,20.5631,ok,1574640000,900
550,20.6781,20.6781,20.5781,20.5781,ok,1574726400,1000
551,20.6074,20.6304,20.6074,20.6304,ok,1574812800,200
552,20.2457,20.5157,20.2457,20.5157,ok,1574985600,600
553,20.1828,20.1828,20.1728,20.1728,ok,1575244800,300
554,20.0252,20.0802,19.9602,20.0802,ok,1575331200,3300
555,20.1574,20.1574,20.1574,20.1574,ok,1575417600,100
556,20.0007,20.0007,19.9007,19.9057,ok,1575504000,1100
557,20.265,20.265,20.265,20.265,ok,1575590400,1200
558,20.1476,21.2976,20.1476,21.2976,ok,1575849600,800
559,20.3727,20.3827,20.3327,20.3827,ok,1575936000,1800
560,20.5754,20.5784,20.4854,20.4984,ok,1576022400,3800
561,20.9895,20.9895,20.8045,20.8345,ok,1576108800,1400
562,21.0287,21.0287,20.7987,20.8787,ok,1576195200,11300
563,21.2107,21.2107,21.2107,21.2107,ok,1576454400,200
564,21.3782,21.3912,21.3612,21.3612,ok,1576540800,1100
565,21.4124,21.4154,21.4124,21.4154,ok,1576627200,1200
566,21.4516,21.4516,21.4516,21.4516,ok,1576713600,100
567,21.5162,21.5282,21.5162,21.5282,ok,1576800000,700
568,21.525,21.525,21.448,21.448,ok,1577059200,700
569,21.31,21.43,21.31,21.43,ok,1577145600,2200
570,21.41,21.452,21.393,21.452,ok,1577318400,800
571,21.7,21.76,21.7,21.76,ok,1577404800,1400
572,21.491,21.7,21.491,21.7,ok,1577664000,600
573,21.56,21.56,21.56,21.56,ok,1577750400,300
574,21.57,21.57,21.495,21.529,ok,1577923200,1000
575,21.353,21.365,21.353,21.365,ok,1578009600,400
576,21.267,21.29,21.245,21.245,ok,1578268800,400
577,21.444,21.45,21.4,21.4,ok,1578355200,1600
578,21.437,21.437,21.437,21.437,ok,1578441600,100
579,21.45,21.55,21.425,21.55,ok,1578528000,4000
580,21.822,21.822,21.7,21.7,ok,1578614400,700
581,22.163,22.163,22.106,22.106,ok,1578873600,1600
582,22.152,22.152,22.145,22.145,ok,1578960000,400
583,21.98,22.13,21.98,22.13,ok,1579046400,900
584,22.245,22.245,22.11,22.11,ok,1579132800,700
585,22.289,22.289,22.289,22.289,ok,1579219200,100
586,22.046,23.67,22.046,23.67,ok,1579564800,800
587,22.354,22.354,22.25,22.25,ok,1579651200,500
588,22.244,22.244,22.244,22.244,ok,1579737600,100
589,22.11,22.34,22.1,22.34,ok,1579824000,1500
590,21.36,21.37,21.0,21.0,ok,1580083200,1500
591,21.614,21.614,21.614,21.614,ok,1580169600,100
592,21.524,21.57,21.524,21.57,ok,1580256000,100
593,21.19,21.27,21.01,21.17,ok,1580342400,2600
594,20.712,20.85,20.712,20.85,ok,1580428800,3400
595,20.992,21.01,20.95,21.01,ok,1580688000,4100
596,21.384,21.384,21.384,21.384,ok,1580774400,200
597,21.581,21.581,21.581,21.581,ok,1580860800,100
598,21.93,21.93,21.82,21.92,ok,1580947200,1000
599,21.808,21.82,21.78,21.82,ok,1581033600,5700
600,21.8,21.81,21.79,21.81,ok,1581292800,1700
601,22.02,22.107,21.94,21.94,ok,1581379200,400
602,22.316,22.316,22.316,22.316,ok,1581465600,100
603,22.039,22.36,22.039,22.36,ok,1581552000,1800
604,22.143,22.143,22.1,22.1,ok,1581638400,300
605,21.885,21.92,21.87,21.92,ok,1581984000,1000
606,21.943,21.943,21.943,21.943,ok,1582070400,100
607,21.47,21.59,21.47,21.59,ok,1582156800,2600
608,21.31,21.65,21.29,21.65,ok,1582243200,3400
609,20.33,20.435,20.33,20.43,ok,1582502400,2000
610,20.254,20.65,20.254,20.65,ok,1582588800,400
611,20.469,20.72,20.469,20.72,ok,1582675200,1200
612,19.988,20.23,18.61,18.61,ok,1582761600,8600
613,19.717,19.717,19.5,19.61,ok,1582848000,2300
614,20.01,20.01,19.74,19.74,ok,1583107200,2500
615,19.779,19.779,19.779,19.779,ok,1583193600,100
616,20.398,20.398,20.19,20.19,ok,1583280000,1200
617,20.178,20.37,20.178,20.37,ok,1583366400,500
618,19.904,20.035,19.85,19.98,ok,1583452800,9700
619,18.922,18.922,18.785,18.785,ok,1583712000,600
620,19.447,19.447,19.315,19.35,ok,1583798400,1000
621,18.64,18.8,18.63,18.8,ok,1583884800,1000
622,16.921,16.921,16.77,16.91,ok,1583971200,500
623,18.141,18.185,17.94,17.98,ok,1584057600,1500
624,15.536,17.35,15.536,17.35,ok,1584316800,2200
625,16.805,16.805,16.23,16.35,ok,1584403200,5900
626,15.541,15.86,15.4,15.58,ok,1584489600,900
627,15.306,15.9,15.23,15.9,ok,1584576000,800
628,15.203,15.65,15.203,15.65,ok,1584662400,26100
629,14.984,15.17,14.84,15.13,ok,1584921600,17500
630,16.333,16.405,16.25,16.26,ok,1585008000,1700
631,17.041,17.22,16.76,16.96,ok,1585094400,8200
632,17.53,17.53,16.82,16.82,ok,1585180800,7800
633,16.607,16.85,16.48,16.79,ok,1585267200,31900
634,17.126,17.143,16.92,16.92,ok,1585526400,3200
635,17.239,17.32,17.239,17.24,ok,1585612800,900
636,16.329,16.59,16.329,16.59,ok,1585699200,1200
637,17.12,17.2,16.6,16.6,ok,1585785600,3000
638,16.904,17.08,16.9,16.9,ok,1585872000,900
639,17.92,17.92,17.65,17.65,ok,1586131200,3600
640,17.89,18.21,17.85,18.13,ok,1586217600,5300
641,18.0,18.13,18.0,18.12,ok,1586390400,1700
642,17.817,18.1,17.77,18.1,ok,1586736000,5600
643,18.257,18.36,18.13,18.36,ok,1586822400,12300
644,17.874,18.1,17.71,18.1,ok,1586908800,5600
645,18.31,18.31,18.25,18.26,ok,1586995200,1400
646,18.81,19.73,18.729,18.78,ok,1587081600,23400
647,18.481,18.54,18.3,18.3,ok,1587340800,6800
648,18.04,18.4,18.01,18.4,ok,1587427200,5000
649,18.591,18.78,18.591,18.78,ok,1587513600,3400
650,18.639,18.87,18.639,18.87,ok,1587600000,4000
651,18.625,18.8,18.54,18.8,ok,1587686400,1700
652,18.98,19.15,18.49,18.59,ok,1587945600,3200
653,18.983,19.42,18.983,19.42,ok,1588032000,1500
654,19.303,19.37,19.303,19.34,ok,1588118400,500
655,18.88,19.11,18.88,19.1,ok,1588204800,4900
656,18.473,18.75,18.473,18.75,ok,1588291200,200
657,18.752,18.752,18.58,18.58,ok,1588550400,100
658,18.69,18.69,18.69,18.69,ok,1588636800,600
659,18.608,18.656,18.608,18.656,ok,1588723200,100
660,18.91,18.91,18.91,18.91,ok,1589155200,100
661,18.9,18.93,18.9,18.93,ok,1589241600,600
662,18.804,18.91,18.804,18.91,ok,1589328000,700
663,19.022,19.022,18.74,18.74,ok,1589414400,1400
664,18.709,18.709,18.709,18.709,ok,1589500800,100
665,19.345,19.345,19.345,19.345,ok,1589760000,100
666,19.194,19.33,19.194,19.33,ok,1589846400,600
667,19.557,19.57,19.557,19.57,ok,1589932800,700
668,19.424,19.47,19.4,19.47,ok,1590019200,800
669,19.338,19.338,19.24,19.24,ok,1590105600,200
670,19.935,19.971,19.82,19.82,ok,1590451200,3600
671,19.84,19.86,19.76,19.86,ok,1590537600,4400
672,19.814,19.87,19.814,19.86,ok,1590624000,600
673,20.036,20.036,19.93,20.03,ok,1590710400,2000
